 year_start:        1998 ,year_end:        1999
 day_start:           1 , day_end:         730
 cdoms,Kds,pars,mxls, dmxldt_day
  0.3330E+01  0.3910E-01  0.6660E+02  0.1195E+03  0.4245E+01
  0.5481E+01  0.3080E-01  0.6675E+02  0.1237E+03  0.1242E+01
  0.4687E+01  0.3476E-01  0.6672E+02  0.1250E+03  0.0000E+00
  0.3894E+01  0.3873E-01  0.6669E+02  0.1248E+03  0.1177E+01
  0.3993E+01  0.3316E-01  0.6658E+02  0.1260E+03  0.1605E+01
  0.4093E+01  0.2760E-01  0.6647E+02  0.1276E+03  0.1122E+01
  0.3737E+01  0.2830E-01  0.6638E+02  0.1287E+03  0.5324E+00
  0.3381E+01  0.2900E-01  0.6628E+02  0.1293E+03  0.1160E+00
  0.1868E+01  0.2710E-01  0.6471E+02  0.1294E+03  0.2658E-01
