time    Pop1        Pop2        Pop3        Pop4        Pop5        Pop6        Pop7
0.00000 0.20000E+00 0.10000E+00 0.10000E+00 0.10000E+00 0.10000E+00 0.10000E+00 0.10000E+00
0.25000 0.20225E+00 0.99208E-01 0.93968E-01 0.99292E-01 0.11018E+00 0.98037E-01 0.97901E-01
0.50000 0.20425E+00 0.98124E-01 0.87602E-01 0.98624E-01 0.12064E+00 0.96545E-01 0.95893E-01
0.75000 0.20625E+00 0.96976E-01 0.80982E-01 0.98004E-01 0.13122E+00 0.95117E-01 0.93984E-01
1.00000 0.20849E+00 0.95998E-01 0.74209E-01 0.97423E-01 0.14172E+00 0.93374E-01 0.92173E-01
1.25000 0.21071E+00 0.95108E-01 0.67432E-01 0.96879E-01 0.15195E+00 0.91698E-01 0.90464E-01
1.50000 0.21268E+00 0.94233E-01 0.60801E-01 0.96369E-01 0.16172E+00 0.90450E-01 0.88852E-01
1.75000 0.21465E+00 0.93589E-01 0.54417E-01 0.95897E-01 0.17083E+00 0.89244E-01 0.87335E-01
2.00000 0.21686E+00 0.93380E-01 0.48373E-01 0.95452E-01 0.17915E+00 0.87722E-01 0.85906E-01
2.25000 0.21904E+00 0.93504E-01 0.42774E-01 0.95029E-01 0.18654E+00 0.86249E-01 0.84557E-01
2.50000 0.22099E+00 0.93847E-01 0.37696E-01 0.94624E-01 0.19296E+00 0.85168E-01 0.83281E-01
2.75000 0.22294E+00 0.94552E-01 0.33149E-01 0.94239E-01 0.19838E+00 0.84116E-01 0.82068E-01
3.00000 0.22511E+00 0.95751E-01 0.29123E-01 0.93862E-01 0.20281E+00 0.82749E-01 0.80909E-01
3.25000 0.22727E+00 0.97286E-01 0.25622E-01 0.93490E-01 0.20631E+00 0.81417E-01 0.79796E-01
3.50000 0.22919E+00 0.98991E-01 0.22629E-01 0.93121E-01 0.20895E+00 0.80457E-01 0.78721E-01
3.75000 0.23111E+00 0.10096E+00 0.20081E-01 0.92756E-01 0.21083E+00 0.79518E-01 0.77676E-01
4.00000 0.23325E+00 0.10331E+00 0.17917E-01 0.92387E-01 0.21203E+00 0.78263E-01 0.76657E-01
4.25000 0.23538E+00 0.10585E+00 0.16104E-01 0.92013E-01 0.21265E+00 0.77037E-01 0.75659E-01
4.50000 0.23728E+00 0.10842E+00 0.14612E-01 0.91631E-01 0.21278E+00 0.76171E-01 0.74676E-01
4.75000 0.23918E+00 0.11111E+00 0.13374E-01 0.91247E-01 0.21251E+00 0.75321E-01 0.73705E-01
5.00000 0.24129E+00 0.11404E+00 0.12337E-01 0.90854E-01 0.21190E+00 0.74156E-01 0.72743E-01
5.25000 0.24338E+00 0.11705E+00 0.11484E-01 0.90450E-01 0.21102E+00 0.73015E-01 0.71789E-01
5.50000 0.24526E+00 0.11998E+00 0.10801E-01 0.90037E-01 0.20992E+00 0.72228E-01 0.70840E-01
5.75000 0.24714E+00 0.12293E+00 0.10239E-01 0.89619E-01 0.20867E+00 0.71454E-01 0.69896E-01
6.00000 0.24922E+00 0.12606E+00 0.97647E-02 0.89190E-01 0.20727E+00 0.70366E-01 0.68955E-01
6.25000 0.25128E+00 0.12920E+00 0.93769E-02 0.88751E-01 0.20578E+00 0.69300E-01 0.68018E-01
6.50000 0.25314E+00 0.13219E+00 0.90769E-02 0.88302E-01 0.20421E+00 0.68581E-01 0.67083E-01
6.75000 0.25499E+00 0.13517E+00 0.88302E-02 0.87849E-01 0.20260E+00 0.67873E-01 0.66150E-01
7.00000 0.25704E+00 0.13829E+00 0.86143E-02 0.87386E-01 0.20094E+00 0.66854E-01 0.65219E-01
7.25000 0.25907E+00 0.14139E+00 0.84381E-02 0.86914E-01 0.19927E+00 0.65855E-01 0.64291E-01
7.50000 0.26091E+00 0.14431E+00 0.83109E-02 0.86433E-01 0.19758E+00 0.65197E-01 0.63365E-01
7.75000 0.26274E+00 0.14720E+00 0.82054E-02 0.85950E-01 0.19590E+00 0.64549E-01 0.62442E-01
8.00000 0.26476E+00 0.15022E+00 0.81047E-02 0.85459E-01 0.19422E+00 0.63592E-01 0.61522E-01
8.25000 0.26676E+00 0.15320E+00 0.80223E-02 0.84960E-01 0.19254E+00 0.62653E-01 0.60605E-01
8.50000 0.26858E+00 0.15600E+00 0.79710E-02 0.84454E-01 0.19089E+00 0.62050E-01 0.59692E-01
8.75000 0.27039E+00 0.15876E+00 0.79272E-02 0.83946E-01 0.18925E+00 0.61456E-01 0.58782E-01
9.00000 0.27238E+00 0.16165E+00 0.78766E-02 0.83433E-01 0.18764E+00 0.60557E-01 0.57877E-01
9.25000 0.27435E+00 0.16449E+00 0.78346E-02 0.82914E-01 0.18605E+00 0.59673E-01 0.56977E-01
9.50000 0.27614E+00 0.16715E+00 0.78154E-02 0.82389E-01 0.18448E+00 0.59120E-01 0.56081E-01
9.75000 0.27793E+00 0.16976E+00 0.77975E-02 0.81865E-01 0.18294E+00 0.58575E-01 0.55191E-01
10.00000 0.27989E+00 0.17250E+00 0.77675E-02 0.81336E-01 0.18142E+00 0.57728E-01 0.54306E-01
10.25000 0.28183E+00 0.17520E+00 0.77417E-02 0.80803E-01 0.17993E+00 0.56896E-01 0.53427E-01
10.50000 0.28361E+00 0.17771E+00 0.77349E-02 0.80266E-01 0.17847E+00 0.56389E-01 0.52554E-01
10.75000 0.28537E+00 0.18018E+00 0.77265E-02 0.79730E-01 0.17703E+00 0.55888E-01 0.51688E-01
11.00000 0.28730E+00 0.18277E+00 0.77039E-02 0.79191E-01 0.17562E+00 0.55089E-01 0.50828E-01
11.25000 0.28922E+00 0.18533E+00 0.76833E-02 0.78650E-01 0.17423E+00 0.54304E-01 0.49976E-01
11.50000 0.29097E+00 0.18770E+00 0.76800E-02 0.78105E-01 0.17287E+00 0.53838E-01 0.49131E-01
11.75000 0.29271E+00 0.19003E+00 0.76738E-02 0.77563E-01 0.17153E+00 0.53378E-01 0.48293E-01
12.00000 0.29461E+00 0.19248E+00 0.76525E-02 0.77019E-01 0.17022E+00 0.52624E-01 0.47462E-01
12.25000 0.29650E+00 0.19490E+00 0.76324E-02 0.76473E-01 0.16893E+00 0.51883E-01 0.46640E-01
12.50000 0.29823E+00 0.19713E+00 0.76285E-02 0.75926E-01 0.16766E+00 0.51454E-01 0.45826E-01
12.75000 0.29995E+00 0.19933E+00 0.76214E-02 0.75382E-01 0.16642E+00 0.51032E-01 0.45020E-01
13.00000 0.30182E+00 0.20165E+00 0.75989E-02 0.74837E-01 0.16520E+00 0.50318E-01 0.44223E-01
13.25000 0.30368E+00 0.20394E+00 0.75772E-02 0.74290E-01 0.16400E+00 0.49617E-01 0.43434E-01
13.50000 0.30538E+00 0.20604E+00 0.75712E-02 0.73743E-01 0.16282E+00 0.49224E-01 0.42654E-01
13.75000 0.30708E+00 0.20811E+00 0.75618E-02 0.73201E-01 0.16166E+00 0.48835E-01 0.41882E-01
14.00000 0.30893E+00 0.21031E+00 0.75372E-02 0.72658E-01 0.16052E+00 0.48160E-01 0.41119E-01
14.25000 0.31076E+00 0.21248E+00 0.75131E-02 0.72114E-01 0.15939E+00 0.47495E-01 0.40366E-01
14.50000 0.31244E+00 0.21446E+00 0.75044E-02 0.71571E-01 0.15828E+00 0.47134E-01 0.39621E-01
14.75000 0.31412E+00 0.21641E+00 0.74925E-02 0.71032E-01 0.15720E+00 0.46777E-01 0.38886E-01
15.00000 0.31594E+00 0.21849E+00 0.74655E-02 0.70494E-01 0.15613E+00 0.46136E-01 0.38159E-01
15.25000 0.31774E+00 0.22055E+00 0.74390E-02 0.69956E-01 0.15507E+00 0.45506E-01 0.37443E-01
15.50000 0.31940E+00 0.22242E+00 0.74277E-02 0.69418E-01 0.15403E+00 0.45174E-01 0.36735E-01
15.75000 0.32105E+00 0.22426E+00 0.74133E-02 0.68886E-01 0.15301E+00 0.44846E-01 0.36037E-01
16.00000 0.32284E+00 0.22623E+00 0.73839E-02 0.68354E-01 0.15200E+00 0.44238E-01 0.35348E-01
16.25000 0.32462E+00 0.22818E+00 0.73552E-02 0.67823E-01 0.15101E+00 0.43639E-01 0.34669E-01
16.50000 0.32625E+00 0.22994E+00 0.73415E-02 0.67293E-01 0.15003E+00 0.43334E-01 0.33999E-01
16.75000 0.32788E+00 0.23167E+00 0.73249E-02 0.66768E-01 0.14906E+00 0.43033E-01 0.33338E-01
17.00000 0.32965E+00 0.23354E+00 0.72937E-02 0.66245E-01 0.14811E+00 0.42455E-01 0.32687E-01
17.25000 0.33140E+00 0.23539E+00 0.72630E-02 0.65723E-01 0.14717E+00 0.41885E-01 0.32046E-01
17.50000 0.33301E+00 0.23706E+00 0.72473E-02 0.65201E-01 0.14624E+00 0.41606E-01 0.31414E-01
17.75000 0.33462E+00 0.23869E+00 0.72288E-02 0.64686E-01 0.14532E+00 0.41330E-01 0.30791E-01
18.00000 0.33636E+00 0.24047E+00 0.71959E-02 0.64172E-01 0.14442E+00 0.40779E-01 0.30177E-01
18.25000 0.33808E+00 0.24222E+00 0.71637E-02 0.63660E-01 0.14352E+00 0.40237E-01 0.29573E-01
18.50000 0.33967E+00 0.24379E+00 0.71463E-02 0.63148E-01 0.14264E+00 0.39981E-01 0.28978E-01
18.75000 0.34126E+00 0.24534E+00 0.71263E-02 0.62643E-01 0.14176E+00 0.39728E-01 0.28392E-01
19.00000 0.34297E+00 0.24703E+00 0.70921E-02 0.62140E-01 0.14090E+00 0.39203E-01 0.27815E-01
19.25000 0.34467E+00 0.24869E+00 0.70587E-02 0.61638E-01 0.14004E+00 0.38685E-01 0.27248E-01
19.50000 0.34624E+00 0.25018E+00 0.70400E-02 0.61138E-01 0.13920E+00 0.38452E-01 0.26690E-01
19.75000 0.34780E+00 0.25164E+00 0.70189E-02 0.60644E-01 0.13836E+00 0.38221E-01 0.26140E-01
20.00000 0.34949E+00 0.25324E+00 0.69837E-02 0.60152E-01 0.13754E+00 0.37719E-01 0.25600E-01
20.25000 0.35117E+00 0.25482E+00 0.69493E-02 0.59662E-01 0.13672E+00 0.37225E-01 0.25069E-01
20.50000 0.35271E+00 0.25623E+00 0.69297E-02 0.59173E-01 0.13591E+00 0.37011E-01 0.24546E-01
20.75000 0.35425E+00 0.25761E+00 0.69078E-02 0.58691E-01 0.13510E+00 0.36801E-01 0.24032E-01
21.00000 0.35592E+00 0.25913E+00 0.68720E-02 0.58211E-01 0.13431E+00 0.36321E-01 0.23527E-01
21.25000 0.35757E+00 0.26064E+00 0.68370E-02 0.57732E-01 0.13352E+00 0.35848E-01 0.23030E-01
21.50000 0.35909E+00 0.26197E+00 0.68167E-02 0.57256E-01 0.13274E+00 0.35654E-01 0.22542E-01
21.75000 0.36061E+00 0.26327E+00 0.67943E-02 0.56786E-01 0.13197E+00 0.35462E-01 0.22062E-01
22.00000 0.36225E+00 0.26472E+00 0.67581E-02 0.56318E-01 0.13120E+00 0.35003E-01 0.21591E-01
22.25000 0.36388E+00 0.26616E+00 0.67228E-02 0.55852E-01 0.13044E+00 0.34551E-01 0.21128E-01
22.50000 0.36538E+00 0.26741E+00 0.67021E-02 0.55389E-01 0.12969E+00 0.34374E-01 0.20673E-01
22.75000 0.36687E+00 0.26865E+00 0.66794E-02 0.54931E-01 0.12894E+00 0.34200E-01 0.20227E-01
23.00000 0.36849E+00 0.27003E+00 0.66431E-02 0.54476E-01 0.12820E+00 0.33760E-01 0.19788E-01
23.25000 0.37009E+00 0.27140E+00 0.66076E-02 0.54023E-01 0.12747E+00 0.33327E-01 0.19357E-01
23.50000 0.37157E+00 0.27259E+00 0.65868E-02 0.53572E-01 0.12674E+00 0.33167E-01 0.18934E-01
23.75000 0.37304E+00 0.27376E+00 0.65641E-02 0.53127E-01 0.12601E+00 0.33010E-01 0.18519E-01
24.00000 0.37464E+00 0.27508E+00 0.65278E-02 0.52685E-01 0.12530E+00 0.32588E-01 0.18111E-01
24.25000 0.37622E+00 0.27638E+00 0.64924E-02 0.52245E-01 0.12458E+00 0.32171E-01 0.17711E-01
24.50000 0.37767E+00 0.27750E+00 0.64716E-02 0.51807E-01 0.12387E+00 0.32028E-01 0.17319E-01
24.75000 0.37913E+00 0.27862E+00 0.64491E-02 0.51375E-01 0.12317E+00 0.31887E-01 0.16934E-01
25.00000 0.38070E+00 0.27987E+00 0.64131E-02 0.50946E-01 0.12247E+00 0.31481E-01 0.16556E-01
25.25000 0.38226E+00 0.28111E+00 0.63780E-02 0.50518E-01 0.12178E+00 0.31081E-01 0.16185E-01
25.50000 0.38369E+00 0.28218E+00 0.63574E-02 0.50093E-01 0.12109E+00 0.30953E-01 0.15821E-01
25.75000 0.38512E+00 0.28323E+00 0.63352E-02 0.49675E-01 0.12041E+00 0.30827E-01 0.15465E-01
26.00000 0.38667E+00 0.28443E+00 0.62996E-02 0.49258E-01 0.11973E+00 0.30436E-01 0.15115E-01
26.25000 0.38820E+00 0.28561E+00 0.62649E-02 0.48844E-01 0.11905E+00 0.30051E-01 0.14772E-01
26.50000 0.38961E+00 0.28663E+00 0.62447E-02 0.48432E-01 0.11838E+00 0.29938E-01 0.14436E-01
26.75000 0.39102E+00 0.28763E+00 0.62230E-02 0.48027E-01 0.11771E+00 0.29826E-01 0.14106E-01
27.00000 0.39255E+00 0.28877E+00 0.61878E-02 0.47623E-01 0.11705E+00 0.29450E-01 0.13782E-01
27.25000 0.39406E+00 0.28990E+00 0.61536E-02 0.47222E-01 0.11639E+00 0.29079E-01 0.13466E-01
27.50000 0.39545E+00 0.29086E+00 0.61340E-02 0.46823E-01 0.11574E+00 0.28979E-01 0.13155E-01
27.75000 0.39684E+00 0.29181E+00 0.61129E-02 0.46430E-01 0.11508E+00 0.28881E-01 0.12851E-01
28.00000 0.39834E+00 0.29290E+00 0.60783E-02 0.46040E-01 0.11444E+00 0.28518E-01 0.12553E-01
28.25000 0.39983E+00 0.29398E+00 0.60447E-02 0.45652E-01 0.11379E+00 0.28161E-01 0.12260E-01
28.50000 0.40120E+00 0.29490E+00 0.60257E-02 0.45265E-01 0.11315E+00 0.28074E-01 0.11974E-01
28.75000 0.40256E+00 0.29579E+00 0.60053E-02 0.44886E-01 0.11251E+00 0.27989E-01 0.11694E-01
29.00000 0.40405E+00 0.29684E+00 0.59714E-02 0.44508E-01 0.11188E+00 0.27639E-01 0.11419E-01
29.25000 0.40552E+00 0.29787E+00 0.59385E-02 0.44133E-01 0.11125E+00 0.27294E-01 0.11150E-01
29.50000 0.40686E+00 0.29874E+00 0.59202E-02 0.43759E-01 0.11062E+00 0.27220E-01 0.10887E-01
29.75000 0.40820E+00 0.29959E+00 0.59006E-02 0.43392E-01 0.11000E+00 0.27148E-01 0.10629E-01
30.00000 0.40965E+00 0.30059E+00 0.58675E-02 0.43028E-01 0.10938E+00 0.26810E-01 0.10376E-01
30.25000 0.41104E+00 0.30159E+00 0.58356E-02 0.42667E-01 0.10876E+00 0.26477E-01 0.10129E-01
30.50000 0.41230E+00 0.30243E+00 0.58183E-02 0.42308E-01 0.10815E+00 0.26417E-01 0.98874E-02
30.75000 0.41356E+00 0.30324E+00 0.57997E-02 0.41955E-01 0.10755E+00 0.26357E-01 0.96507E-02
31.00000 0.41493E+00 0.30422E+00 0.57675E-02 0.41605E-01 0.10694E+00 0.26031E-01 0.94191E-02
31.25000 0.41624E+00 0.30519E+00 0.57365E-02 0.41258E-01 0.10634E+00 0.25710E-01 0.91927E-02
31.50000 0.41743E+00 0.30599E+00 0.57201E-02 0.40912E-01 0.10575E+00 0.25662E-01 0.89712E-02
31.75000 0.41862E+00 0.30677E+00 0.57025E-02 0.40573E-01 0.10516E+00 0.25615E-01 0.87543E-02
32.00000 0.41992E+00 0.30772E+00 0.56713E-02 0.40236E-01 0.10457E+00 0.25300E-01 0.85422E-02
32.25000 0.42116E+00 0.30866E+00 0.56411E-02 0.39902E-01 0.10398E+00 0.24990E-01 0.83349E-02
32.50000 0.42228E+00 0.30943E+00 0.56257E-02 0.39571E-01 0.10340E+00 0.24954E-01 0.81321E-02
32.75000 0.42340E+00 0.31018E+00 0.56090E-02 0.39245E-01 0.10282E+00 0.24919E-01 0.79336E-02
33.00000 0.42463E+00 0.31110E+00 0.55787E-02 0.38921E-01 0.10225E+00 0.24615E-01 0.77395E-02
33.25000 0.42580E+00 0.31201E+00 0.55495E-02 0.38600E-01 0.10168E+00 0.24315E-01 0.75499E-02
33.50000 0.42685E+00 0.31276E+00 0.55350E-02 0.38282E-01 0.10111E+00 0.24290E-01 0.73645E-02
33.75000 0.42790E+00 0.31349E+00 0.55194E-02 0.37969E-01 0.10054E+00 0.24267E-01 0.71831E-02
34.00000 0.42906E+00 0.31437E+00 0.54900E-02 0.37658E-01 0.99982E-01 0.23972E-01 0.70058E-02
34.25000 0.43017E+00 0.31526E+00 0.54616E-02 0.37350E-01 0.99424E-01 0.23681E-01 0.68326E-02
34.50000 0.43115E+00 0.31598E+00 0.54482E-02 0.37044E-01 0.98868E-01 0.23668E-01 0.66633E-02
34.75000 0.43213E+00 0.31668E+00 0.54336E-02 0.36744E-01 0.98317E-01 0.23656E-01 0.64976E-02
35.00000 0.43322E+00 0.31755E+00 0.54051E-02 0.36446E-01 0.97768E-01 0.23370E-01 0.63358E-02
35.25000 0.43426E+00 0.31842E+00 0.53777E-02 0.36150E-01 0.97223E-01 0.23089E-01 0.61778E-02
35.50000 0.43517E+00 0.31911E+00 0.53653E-02 0.35857E-01 0.96680E-01 0.23087E-01 0.60233E-02
35.75000 0.43608E+00 0.31979E+00 0.53517E-02 0.35569E-01 0.96141E-01 0.23086E-01 0.58723E-02
36.00000 0.43711E+00 0.32063E+00 0.53241E-02 0.35283E-01 0.95604E-01 0.22808E-01 0.57248E-02
36.25000 0.43808E+00 0.32148E+00 0.52976E-02 0.35000E-01 0.95071E-01 0.22535E-01 0.55808E-02
36.50000 0.43893E+00 0.32215E+00 0.52862E-02 0.34718E-01 0.94540E-01 0.22543E-01 0.54401E-02
36.75000 0.43977E+00 0.32281E+00 0.52738E-02 0.34442E-01 0.94013E-01 0.22554E-01 0.53026E-02
37.00000 0.44073E+00 0.32363E+00 0.52471E-02 0.34169E-01 0.93488E-01 0.22284E-01 0.51682E-02
37.25000 0.44164E+00 0.32446E+00 0.52214E-02 0.33897E-01 0.92967E-01 0.22018E-01 0.50371E-02
37.50000 0.44242E+00 0.32510E+00 0.52111E-02 0.33627E-01 0.92447E-01 0.22037E-01 0.49091E-02
37.75000 0.44320E+00 0.32574E+00 0.51997E-02 0.33363E-01 0.91932E-01 0.22058E-01 0.47839E-02
38.00000 0.44409E+00 0.32655E+00 0.51739E-02 0.33101E-01 0.91418E-01 0.21795E-01 0.46617E-02
38.25000 0.44493E+00 0.32736E+00 0.51491E-02 0.32841E-01 0.90909E-01 0.21536E-01 0.45425E-02
38.50000 0.44565E+00 0.32798E+00 0.51399E-02 0.32582E-01 0.90400E-01 0.21567E-01 0.44261E-02
38.75000 0.44636E+00 0.32860E+00 0.51296E-02 0.32330E-01 0.89896E-01 0.21598E-01 0.43124E-02
39.00000 0.44719E+00 0.32939E+00 0.51047E-02 0.32079E-01 0.89394E-01 0.21342E-01 0.42014E-02
39.25000 0.44797E+00 0.33019E+00 0.50808E-02 0.31830E-01 0.88896E-01 0.21090E-01 0.40931E-02
39.50000 0.44862E+00 0.33079E+00 0.50727E-02 0.31583E-01 0.88398E-01 0.21131E-01 0.39874E-02
39.75000 0.44926E+00 0.33139E+00 0.50635E-02 0.31341E-01 0.87905E-01 0.21173E-01 0.38841E-02
40.00000 0.45003E+00 0.33217E+00 0.50395E-02 0.31101E-01 0.87414E-01 0.20923E-01 0.37833E-02
40.25000 0.45074E+00 0.33295E+00 0.50164E-02 0.30863E-01 0.86926E-01 0.20677E-01 0.36851E-02
40.50000 0.45133E+00 0.33354E+00 0.50094E-02 0.30627E-01 0.86440E-01 0.20728E-01 0.35892E-02
40.75000 0.45191E+00 0.33412E+00 0.50014E-02 0.30396E-01 0.85958E-01 0.20781E-01 0.34955E-02
41.00000 0.45261E+00 0.33488E+00 0.49782E-02 0.30167E-01 0.85478E-01 0.20536E-01 0.34042E-02
41.25000 0.45326E+00 0.33564E+00 0.49560E-02 0.29939E-01 0.85001E-01 0.20296E-01 0.33151E-02
41.50000 0.45378E+00 0.33622E+00 0.49501E-02 0.29713E-01 0.84525E-01 0.20357E-01 0.32282E-02
41.75000 0.45430E+00 0.33678E+00 0.49432E-02 0.29493E-01 0.84054E-01 0.20421E-01 0.31433E-02
42.00000 0.45494E+00 0.33753E+00 0.49208E-02 0.29275E-01 0.83584E-01 0.20182E-01 0.30606E-02
42.25000 0.45553E+00 0.33829E+00 0.48995E-02 0.29057E-01 0.83118E-01 0.19946E-01 0.29799E-02
42.50000 0.45598E+00 0.33884E+00 0.48947E-02 0.28842E-01 0.82653E-01 0.20018E-01 0.29012E-02
42.75000 0.45644E+00 0.33939E+00 0.48889E-02 0.28632E-01 0.82192E-01 0.20092E-01 0.28244E-02
43.00000 0.45701E+00 0.34013E+00 0.48674E-02 0.28423E-01 0.81733E-01 0.19858E-01 0.27495E-02
43.25000 0.45754E+00 0.34087E+00 0.48469E-02 0.28216E-01 0.81277E-01 0.19627E-01 0.26765E-02
43.50000 0.45793E+00 0.34142E+00 0.48432E-02 0.28010E-01 0.80823E-01 0.19710E-01 0.26053E-02
43.75000 0.45832E+00 0.34195E+00 0.48386E-02 0.27810E-01 0.80372E-01 0.19795E-01 0.25359E-02
44.00000 0.45884E+00 0.34268E+00 0.48179E-02 0.27611E-01 0.79924E-01 0.19565E-01 0.24682E-02
44.25000 0.45931E+00 0.34341E+00 0.47982E-02 0.27414E-01 0.79478E-01 0.19339E-01 0.24022E-02
44.50000 0.45963E+00 0.34394E+00 0.47956E-02 0.27217E-01 0.79034E-01 0.19432E-01 0.23379E-02
44.75000 0.45996E+00 0.34446E+00 0.47922E-02 0.27027E-01 0.78594E-01 0.19528E-01 0.22752E-02
45.00000 0.46041E+00 0.34518E+00 0.47723E-02 0.26838E-01 0.78156E-01 0.19302E-01 0.22140E-02
45.25000 0.46082E+00 0.34590E+00 0.47533E-02 0.26650E-01 0.77721E-01 0.19079E-01 0.21544E-02
45.50000 0.46109E+00 0.34642E+00 0.47519E-02 0.26463E-01 0.77287E-01 0.19184E-01 0.20964E-02
45.75000 0.46135E+00 0.34692E+00 0.47497E-02 0.26282E-01 0.76857E-01 0.19290E-01 0.20397E-02
46.00000 0.46175E+00 0.34763E+00 0.47305E-02 0.26102E-01 0.76429E-01 0.19068E-01 0.19845E-02
46.25000 0.46213E+00 0.34834E+00 0.47123E-02 0.25923E-01 0.76002E-01 0.18849E-01 0.19308E-02
46.50000 0.46238E+00 0.34883E+00 0.47120E-02 0.25744E-01 0.75576E-01 0.18964E-01 0.18784E-02
46.75000 0.46261E+00 0.34931E+00 0.47108E-02 0.25572E-01 0.75155E-01 0.19083E-01 0.18273E-02
47.00000 0.46300E+00 0.35000E+00 0.46923E-02 0.25400E-01 0.74735E-01 0.18863E-01 0.17776E-02
47.25000 0.46338E+00 0.35069E+00 0.46747E-02 0.25228E-01 0.74315E-01 0.18646E-01 0.17291E-02
47.50000 0.46362E+00 0.35115E+00 0.46755E-02 0.25057E-01 0.73897E-01 0.18774E-01 0.16819E-02
47.75000 0.46386E+00 0.35161E+00 0.46755E-02 0.24892E-01 0.73483E-01 0.18904E-01 0.16359E-02
48.00000 0.46424E+00 0.35228E+00 0.46576E-02 0.24728E-01 0.73070E-01 0.18687E-01 0.15911E-02
48.25000 0.46463E+00 0.35294E+00 0.46405E-02 0.24564E-01 0.72658E-01 0.18472E-01 0.15475E-02
48.50000 0.46486E+00 0.35338E+00 0.46425E-02 0.24401E-01 0.72247E-01 0.18613E-01 0.15050E-02
48.75000 0.46510E+00 0.35381E+00 0.46437E-02 0.24244E-01 0.71841E-01 0.18756E-01 0.14635E-02
49.00000 0.46548E+00 0.35446E+00 0.46264E-02 0.24088E-01 0.71435E-01 0.18541E-01 0.14232E-02
49.25000 0.46587E+00 0.35510E+00 0.46100E-02 0.23931E-01 0.71031E-01 0.18328E-01 0.13839E-02
49.50000 0.46610E+00 0.35552E+00 0.46131E-02 0.23775E-01 0.70628E-01 0.18481E-01 0.13457E-02
49.75000 0.46633E+00 0.35592E+00 0.46155E-02 0.23626E-01 0.70229E-01 0.18638E-01 0.13084E-02
50.00000 0.46671E+00 0.35655E+00 0.45989E-02 0.23477E-01 0.69831E-01 0.18424E-01 0.12721E-02
50.25000 0.46710E+00 0.35717E+00 0.45831E-02 0.23328E-01 0.69434E-01 0.18212E-01 0.12368E-02
50.50000 0.46733E+00 0.35756E+00 0.45875E-02 0.23180E-01 0.69039E-01 0.18379E-01 0.12024E-02
50.75000 0.46755E+00 0.35793E+00 0.45912E-02 0.23038E-01 0.68647E-01 0.18550E-01 0.11690E-02
51.00000 0.46794E+00 0.35854E+00 0.45751E-02 0.22896E-01 0.68257E-01 0.18337E-01 0.11363E-02
51.25000 0.46833E+00 0.35915E+00 0.45599E-02 0.22755E-01 0.67868E-01 0.18126E-01 0.11046E-02
51.50000 0.46855E+00 0.35950E+00 0.45656E-02 0.22614E-01 0.67481E-01 0.18308E-01 0.10737E-02
51.75000 0.46877E+00 0.35985E+00 0.45706E-02 0.22479E-01 0.67097E-01 0.18493E-01 0.10437E-02
52.00000 0.46915E+00 0.36044E+00 0.45552E-02 0.22345E-01 0.66715E-01 0.18281E-01 0.10144E-02
52.25000 0.46954E+00 0.36103E+00 0.45406E-02 0.22211E-01 0.66334E-01 0.18071E-01 0.98592E-03
52.50000 0.46976E+00 0.36136E+00 0.45477E-02 0.22078E-01 0.65955E-01 0.18267E-01 0.95821E-03
52.75000 0.46997E+00 0.36168E+00 0.45541E-02 0.21950E-01 0.65579E-01 0.18468E-01 0.93122E-03
53.00000 0.47036E+00 0.36225E+00 0.45392E-02 0.21824E-01 0.65205E-01 0.18256E-01 0.90495E-03
53.25000 0.47075E+00 0.36282E+00 0.45252E-02 0.21697E-01 0.64832E-01 0.18047E-01 0.87941E-03
53.50000 0.47096E+00 0.36312E+00 0.45337E-02 0.21571E-01 0.64460E-01 0.18259E-01 0.85456E-03
53.75000 0.47117E+00 0.36341E+00 0.45415E-02 0.21451E-01 0.64093E-01 0.18476E-01 0.83036E-03
54.00000 0.47156E+00 0.36397E+00 0.45272E-02 0.21332E-01 0.63727E-01 0.18264E-01 0.80681E-03
54.25000 0.47195E+00 0.36452E+00 0.45138E-02 0.21212E-01 0.63363E-01 0.18055E-01 0.78392E-03
54.50000 0.47215E+00 0.36480E+00 0.45238E-02 0.21093E-01 0.62999E-01 0.18283E-01 0.76165E-03
54.75000 0.47235E+00 0.36506E+00 0.45331E-02 0.20980E-01 0.62640E-01 0.18518E-01 0.73997E-03
55.00000 0.47274E+00 0.36560E+00 0.45194E-02 0.20868E-01 0.62283E-01 0.18306E-01 0.71887E-03
55.25000 0.47313E+00 0.36614E+00 0.45065E-02 0.20756E-01 0.61926E-01 0.18096E-01 0.69838E-03
55.50000 0.47333E+00 0.36638E+00 0.45181E-02 0.20644E-01 0.61571E-01 0.18342E-01 0.67843E-03
55.75000 0.47352E+00 0.36661E+00 0.45290E-02 0.20539E-01 0.61221E-01 0.18595E-01 0.65902E-03
56.00000 0.47391E+00 0.36713E+00 0.45158E-02 0.20434E-01 0.60872E-01 0.18382E-01 0.64015E-03
56.25000 0.47430E+00 0.36765E+00 0.45035E-02 0.20329E-01 0.60523E-01 0.18171E-01 0.62180E-03
56.50000 0.47450E+00 0.36787E+00 0.45167E-02 0.20224E-01 0.60177E-01 0.18436E-01 0.60396E-03
56.75000 0.47468E+00 0.36807E+00 0.45293E-02 0.20126E-01 0.59835E-01 0.18709E-01 0.58660E-03
57.00000 0.47507E+00 0.36858E+00 0.45167E-02 0.20029E-01 0.59494E-01 0.18494E-01 0.56971E-03
57.25000 0.47546E+00 0.36908E+00 0.45050E-02 0.19930E-01 0.59155E-01 0.18282E-01 0.55331E-03
57.50000 0.47565E+00 0.36927E+00 0.45199E-02 0.19833E-01 0.58817E-01 0.18568E-01 0.53736E-03
57.75000 0.47582E+00 0.36944E+00 0.45341E-02 0.19742E-01 0.58484E-01 0.18861E-01 0.52184E-03
58.00000 0.47622E+00 0.36993E+00 0.45221E-02 0.19652E-01 0.58152E-01 0.18645E-01 0.50675E-03
58.25000 0.47661E+00 0.37042E+00 0.45110E-02 0.19561E-01 0.57821E-01 0.18431E-01 0.49209E-03
58.50000 0.47678E+00 0.37057E+00 0.45277E-02 0.19470E-01 0.57492E-01 0.18738E-01 0.47784E-03
58.75000 0.47695E+00 0.37072E+00 0.45438E-02 0.19387E-01 0.57167E-01 0.19054E-01 0.46398E-03
59.00000 0.47734E+00 0.37119E+00 0.45323E-02 0.19304E-01 0.56844E-01 0.18836E-01 0.45050E-03
59.25000 0.47773E+00 0.37166E+00 0.45218E-02 0.19220E-01 0.56522E-01 0.18620E-01 0.43744E-03
59.50000 0.47790E+00 0.37179E+00 0.45404E-02 0.19137E-01 0.56202E-01 0.18950E-01 0.42474E-03
59.75000 0.47806E+00 0.37190E+00 0.45584E-02 0.19061E-01 0.55886E-01 0.19290E-01 0.41239E-03
60.00000 0.47845E+00 0.37236E+00 0.45475E-02 0.18986E-01 0.55572E-01 0.19069E-01 0.40039E-03
60.25000 0.47884E+00 0.37282E+00 0.45375E-02 0.18909E-01 0.55259E-01 0.18850E-01 0.38875E-03
60.50000 0.47900E+00 0.37291E+00 0.45581E-02 0.18833E-01 0.54948E-01 0.19206E-01 0.37744E-03
60.75000 0.47914E+00 0.37298E+00 0.45783E-02 0.18764E-01 0.54641E-01 0.19571E-01 0.36644E-03
61.00000 0.47954E+00 0.37343E+00 0.45679E-02 0.18696E-01 0.54336E-01 0.19347E-01 0.35575E-03
61.25000 0.47993E+00 0.37387E+00 0.45585E-02 0.18627E-01 0.54032E-01 0.19125E-01 0.34537E-03
61.50000 0.48007E+00 0.37393E+00 0.45813E-02 0.18558E-01 0.53729E-01 0.19508E-01 0.33529E-03
61.75000 0.48021E+00 0.37397E+00 0.46036E-02 0.18497E-01 0.53432E-01 0.19901E-01 0.32548E-03
62.00000 0.48060E+00 0.37440E+00 0.45938E-02 0.18437E-01 0.53136E-01 0.19673E-01 0.31596E-03
62.25000 0.48100E+00 0.37483E+00 0.45850E-02 0.18375E-01 0.52841E-01 0.19448E-01 0.30671E-03
62.50000 0.48113E+00 0.37485E+00 0.46101E-02 0.18313E-01 0.52548E-01 0.19860E-01 0.29773E-03
62.75000 0.48125E+00 0.37485E+00 0.46348E-02 0.18260E-01 0.52260E-01 0.20284E-01 0.28900E-03
63.00000 0.48164E+00 0.37527E+00 0.46255E-02 0.18207E-01 0.51973E-01 0.20051E-01 0.28051E-03
63.25000 0.48204E+00 0.37569E+00 0.46173E-02 0.18153E-01 0.51687E-01 0.19822E-01 0.27228E-03
63.50000 0.48215E+00 0.37567E+00 0.46449E-02 0.18098E-01 0.51403E-01 0.20265E-01 0.26428E-03
63.75000 0.48226E+00 0.37564E+00 0.46721E-02 0.18053E-01 0.51125E-01 0.20722E-01 0.25651E-03
64.00000 0.48265E+00 0.37605E+00 0.46634E-02 0.18008E-01 0.50847E-01 0.20485E-01 0.24896E-03
64.25000 0.48305E+00 0.37645E+00 0.46557E-02 0.17961E-01 0.50571E-01 0.20250E-01 0.24163E-03
64.50000 0.48315E+00 0.37639E+00 0.46860E-02 0.17915E-01 0.50297E-01 0.20728E-01 0.23452E-03
64.75000 0.48324E+00 0.37632E+00 0.47160E-02 0.17878E-01 0.50027E-01 0.21221E-01 0.22760E-03
65.00000 0.48364E+00 0.37671E+00 0.47078E-02 0.17841E-01 0.49760E-01 0.20978E-01 0.22089E-03
65.25000 0.48403E+00 0.37710E+00 0.47007E-02 0.17802E-01 0.49493E-01 0.20738E-01 0.21437E-03
65.50000 0.48411E+00 0.37701E+00 0.47339E-02 0.17763E-01 0.49228E-01 0.21253E-01 0.20804E-03
65.75000 0.48419E+00 0.37689E+00 0.47668E-02 0.17734E-01 0.48968E-01 0.21786E-01 0.20190E-03
66.00000 0.48458E+00 0.37727E+00 0.47592E-02 0.17706E-01 0.48710E-01 0.21537E-01 0.19593E-03
66.25000 0.48498E+00 0.37765E+00 0.47527E-02 0.17675E-01 0.48453E-01 0.21290E-01 0.19014E-03
66.50000 0.48504E+00 0.37751E+00 0.47890E-02 0.17644E-01 0.48198E-01 0.21847E-01 0.18451E-03
66.75000 0.48509E+00 0.37735E+00 0.48251E-02 0.17624E-01 0.47948E-01 0.22423E-01 0.17905E-03
67.00000 0.48549E+00 0.37771E+00 0.48180E-02 0.17604E-01 0.47700E-01 0.22166E-01 0.17374E-03
67.25000 0.48589E+00 0.37808E+00 0.48122E-02 0.17582E-01 0.47453E-01 0.21912E-01 0.16860E-03
67.50000 0.48593E+00 0.37789E+00 0.48518E-02 0.17559E-01 0.47207E-01 0.22514E-01 0.16360E-03
67.75000 0.48596E+00 0.37769E+00 0.48914E-02 0.17548E-01 0.46967E-01 0.23137E-01 0.15875E-03
68.00000 0.48636E+00 0.37804E+00 0.48849E-02 0.17537E-01 0.46729E-01 0.22872E-01 0.15404E-03
68.25000 0.48676E+00 0.37839E+00 0.48797E-02 0.17523E-01 0.46492E-01 0.22610E-01 0.14948E-03
68.50000 0.48678E+00 0.37816E+00 0.49230E-02 0.17510E-01 0.46256E-01 0.23261E-01 0.14504E-03
68.75000 0.48678E+00 0.37790E+00 0.49663E-02 0.17508E-01 0.46027E-01 0.23936E-01 0.14074E-03
69.00000 0.48718E+00 0.37824E+00 0.49604E-02 0.17506E-01 0.45799E-01 0.23662E-01 0.13656E-03
69.25000 0.48758E+00 0.37859E+00 0.49558E-02 0.17502E-01 0.45572E-01 0.23391E-01 0.13250E-03
69.50000 0.48757E+00 0.37830E+00 0.50031E-02 0.17497E-01 0.45346E-01 0.24097E-01 0.12857E-03
69.75000 0.48755E+00 0.37799E+00 0.50506E-02 0.17505E-01 0.45127E-01 0.24830E-01 0.12475E-03
70.00000 0.48795E+00 0.37832E+00 0.50453E-02 0.17513E-01 0.44910E-01 0.24545E-01 0.12104E-03
70.25000 0.48835E+00 0.37865E+00 0.50413E-02 0.17518E-01 0.44693E-01 0.24264E-01 0.11745E-03
70.50000 0.48832E+00 0.37831E+00 0.50930E-02 0.17523E-01 0.44478E-01 0.25030E-01 0.11396E-03
70.75000 0.48826E+00 0.37793E+00 0.51450E-02 0.17542E-01 0.44269E-01 0.25826E-01 0.11057E-03
71.00000 0.48866E+00 0.37826E+00 0.51402E-02 0.17560E-01 0.44063E-01 0.25530E-01 0.10729E-03
71.25000 0.48906E+00 0.37857E+00 0.51369E-02 0.17575E-01 0.43856E-01 0.25238E-01 0.10410E-03
71.50000 0.48900E+00 0.37817E+00 0.51934E-02 0.17590E-01 0.43652E-01 0.26071E-01 0.10101E-03
71.75000 0.48891E+00 0.37774E+00 0.52503E-02 0.17620E-01 0.43455E-01 0.26937E-01 0.98009E-04
72.00000 0.48931E+00 0.37805E+00 0.52461E-02 0.17649E-01 0.43259E-01 0.26628E-01 0.95098E-04
72.25000 0.48971E+00 0.37835E+00 0.52435E-02 0.17675E-01 0.43063E-01 0.26323E-01 0.92275E-04
72.50000 0.48961E+00 0.37789E+00 0.53052E-02 0.17701E-01 0.42870E-01 0.27229E-01 0.89535E-04
72.75000 0.48949E+00 0.37738E+00 0.53675E-02 0.17742E-01 0.42684E-01 0.28173E-01 0.86879E-04
73.00000 0.48989E+00 0.37768E+00 0.53640E-02 0.17783E-01 0.42499E-01 0.27851E-01 0.84301E-04
73.25000 0.49029E+00 0.37798E+00 0.53620E-02 0.17820E-01 0.42315E-01 0.27531E-01 0.81802E-04
73.50000 0.49015E+00 0.37744E+00 0.54295E-02 0.17857E-01 0.42133E-01 0.28520E-01 0.79375E-04
73.75000 0.48998E+00 0.37686E+00 0.54977E-02 0.17911E-01 0.41958E-01 0.29550E-01 0.77024E-04
74.00000 0.49038E+00 0.37715E+00 0.54948E-02 0.17965E-01 0.41785E-01 0.29211E-01 0.74743E-04
74.25000 0.49079E+00 0.37744E+00 0.54935E-02 0.18014E-01 0.41612E-01 0.28877E-01 0.72531E-04
74.50000 0.49060E+00 0.37682E+00 0.55673E-02 0.18063E-01 0.41442E-01 0.29956E-01 0.70383E-04
74.75000 0.49039E+00 0.37616E+00 0.56421E-02 0.18130E-01 0.41279E-01 0.31082E-01 0.68304E-04
75.00000 0.49079E+00 0.37644E+00 0.56398E-02 0.18198E-01 0.41118E-01 0.30726E-01 0.66286E-04
75.25000 0.49119E+00 0.37672E+00 0.56392E-02 0.18260E-01 0.40957E-01 0.30374E-01 0.64329E-04
75.50000 0.49096E+00 0.37602E+00 0.57203E-02 0.18322E-01 0.40799E-01 0.31558E-01 0.62429E-04
75.75000 0.49069E+00 0.37527E+00 0.58026E-02 0.18404E-01 0.40648E-01 0.32798E-01 0.60592E-04
76.00000 0.49110E+00 0.37553E+00 0.58008E-02 0.18486E-01 0.40500E-01 0.32422E-01 0.58808E-04
76.25000 0.49150E+00 0.37580E+00 0.58010E-02 0.18562E-01 0.40351E-01 0.32050E-01 0.57079E-04
76.50000 0.49121E+00 0.37500E+00 0.58903E-02 0.18638E-01 0.40206E-01 0.33360E-01 0.55400E-04
76.75000 0.49088E+00 0.37414E+00 0.59812E-02 0.18736E-01 0.40068E-01 0.34732E-01 0.53776E-04
77.00000 0.49129E+00 0.37440E+00 0.59800E-02 0.18833E-01 0.39932E-01 0.34334E-01 0.52202E-04
77.25000 0.49170E+00 0.37465E+00 0.59807E-02 0.18924E-01 0.39797E-01 0.33940E-01 0.50673E-04
77.50000 0.49134E+00 0.37374E+00 0.60793E-02 0.19016E-01 0.39664E-01 0.35390E-01 0.49190E-04
77.75000 0.49094E+00 0.37276E+00 0.61798E-02 0.19131E-01 0.39540E-01 0.36912E-01 0.47758E-04
78.00000 0.49135E+00 0.37301E+00 0.61791E-02 0.19246E-01 0.39419E-01 0.36489E-01 0.46367E-04
78.25000 0.49177E+00 0.37326E+00 0.61804E-02 0.19355E-01 0.39297E-01 0.36071E-01 0.45018E-04
78.50000 0.49133E+00 0.37222E+00 0.62894E-02 0.19464E-01 0.39178E-01 0.37681E-01 0.43709E-04
78.75000 0.49085E+00 0.37110E+00 0.64006E-02 0.19598E-01 0.39069E-01 0.39374E-01 0.42445E-04
79.00000 0.49127E+00 0.37134E+00 0.64003E-02 0.19733E-01 0.38962E-01 0.38922E-01 0.41219E-04
79.25000 0.49169E+00 0.37158E+00 0.64021E-02 0.19860E-01 0.38855E-01 0.38476E-01 0.40029E-04
79.50000 0.49117E+00 0.37040E+00 0.65227E-02 0.19988E-01 0.38751E-01 0.40268E-01 0.38873E-04
79.75000 0.49059E+00 0.36914E+00 0.66461E-02 0.20144E-01 0.38656E-01 0.42155E-01 0.37759E-04
80.00000 0.49101E+00 0.36937E+00 0.66460E-02 0.20300E-01 0.38565E-01 0.41671E-01 0.36678E-04
80.25000 0.49144E+00 0.36960E+00 0.66483E-02 0.20449E-01 0.38474E-01 0.41193E-01 0.35629E-04
80.50000 0.49081E+00 0.36826E+00 0.67820E-02 0.20598E-01 0.38385E-01 0.43193E-01 0.34610E-04
80.75000 0.49013E+00 0.36683E+00 0.69190E-02 0.20778E-01 0.38308E-01 0.45301E-01 0.33629E-04
81.00000 0.49056E+00 0.36705E+00 0.69191E-02 0.20959E-01 0.38233E-01 0.44781E-01 0.32677E-04
81.25000 0.49098E+00 0.36727E+00 0.69218E-02 0.21131E-01 0.38158E-01 0.44267E-01 0.31752E-04
81.50000 0.49024E+00 0.36576E+00 0.70703E-02 0.21305E-01 0.38086E-01 0.46503E-01 0.30855E-04
81.75000 0.48943E+00 0.36414E+00 0.72226E-02 0.21512E-01 0.38027E-01 0.48864E-01 0.29991E-04
82.00000 0.48987E+00 0.36435E+00 0.72227E-02 0.21721E-01 0.37970E-01 0.48303E-01 0.29154E-04
82.25000 0.49030E+00 0.36456E+00 0.72257E-02 0.21919E-01 0.37913E-01 0.47749E-01 0.28339E-04
82.50000 0.48943E+00 0.36285E+00 0.73909E-02 0.22120E-01 0.37860E-01 0.50256E-01 0.27549E-04
82.75000 0.48847E+00 0.36102E+00 0.75606E-02 0.22358E-01 0.37820E-01 0.52905E-01 0.26790E-04
83.00000 0.48891E+00 0.36122E+00 0.75606E-02 0.22597E-01 0.37783E-01 0.52298E-01 0.26054E-04
83.25000 0.48934E+00 0.36142E+00 0.75636E-02 0.22826E-01 0.37746E-01 0.51698E-01 0.25338E-04
83.50000 0.48832E+00 0.35949E+00 0.77476E-02 0.23057E-01 0.37712E-01 0.54514E-01 0.24643E-04
83.75000 0.48719E+00 0.35742E+00 0.79371E-02 0.23330E-01 0.37693E-01 0.57495E-01 0.23976E-04
84.00000 0.48763E+00 0.35761E+00 0.79366E-02 0.23604E-01 0.37678E-01 0.56835E-01 0.23330E-04
84.25000 0.48808E+00 0.35780E+00 0.79395E-02 0.23867E-01 0.37663E-01 0.56183E-01 0.22701E-04
84.50000 0.48687E+00 0.35561E+00 0.81449E-02 0.24132E-01 0.37651E-01 0.59354E-01 0.22090E-04
84.75000 0.48555E+00 0.35327E+00 0.83566E-02 0.24444E-01 0.37656E-01 0.62715E-01 0.21506E-04
85.00000 0.48600E+00 0.35346E+00 0.83553E-02 0.24758E-01 0.37664E-01 0.61995E-01 0.20939E-04
85.25000 0.48644E+00 0.35364E+00 0.83577E-02 0.25059E-01 0.37673E-01 0.61283E-01 0.20387E-04
85.50000 0.48503E+00 0.35116E+00 0.85873E-02 0.25363E-01 0.37685E-01 0.64862E-01 0.19851E-04
85.75000 0.48348E+00 0.34852E+00 0.88242E-02 0.25720E-01 0.37716E-01 0.68658E-01 0.19340E-04
86.00000 0.48393E+00 0.34869E+00 0.88217E-02 0.26079E-01 0.37751E-01 0.67870E-01 0.18844E-04
86.25000 0.48439E+00 0.34886E+00 0.88232E-02 0.26424E-01 0.37786E-01 0.67090E-01 0.18361E-04
86.50000 0.48272E+00 0.34606E+00 0.90801E-02 0.26772E-01 0.37826E-01 0.71136E-01 0.17891E-04
86.75000 0.48091E+00 0.34307E+00 0.93454E-02 0.27180E-01 0.37886E-01 0.75432E-01 0.17445E-04
87.00000 0.48137E+00 0.34324E+00 0.93411E-02 0.27590E-01 0.37951E-01 0.74566E-01 0.17012E-04
87.25000 0.48183E+00 0.34340E+00 0.93412E-02 0.27985E-01 0.38016E-01 0.73709E-01 0.16589E-04
87.50000 0.47988E+00 0.34024E+00 0.96290E-02 0.28383E-01 0.38086E-01 0.78290E-01 0.16179E-04
87.75000 0.47776E+00 0.33685E+00 0.99264E-02 0.28849E-01 0.38179E-01 0.83159E-01 0.15791E-04
88.00000 0.47823E+00 0.33701E+00 0.99193E-02 0.29318E-01 0.38278E-01 0.82204E-01 0.15414E-04
88.25000 0.47869E+00 0.33717E+00 0.99173E-02 0.29769E-01 0.38377E-01 0.81259E-01 0.15045E-04
88.50000 0.47641E+00 0.33359E+00 0.10240E-01 0.30225E-01 0.38482E-01 0.86453E-01 0.14687E-04
88.75000 0.47393E+00 0.32977E+00 0.10573E-01 0.30756E-01 0.38612E-01 0.91978E-01 0.14350E-04
89.00000 0.47440E+00 0.32991E+00 0.10562E-01 0.31292E-01 0.38750E-01 0.90921E-01 0.14024E-04
89.25000 0.47487E+00 0.33006E+00 0.10557E-01 0.31808E-01 0.38887E-01 0.89876E-01 0.13703E-04
89.50000 0.47221E+00 0.32602E+00 0.10919E-01 0.32329E-01 0.39031E-01 0.95771E-01 0.13392E-04
89.75000 0.46931E+00 0.32171E+00 0.11292E-01 0.32936E-01 0.39205E-01 0.10204E+00 0.13101E-04
90.00000 0.46978E+00 0.32185E+00 0.11276E-01 0.33548E-01 0.39386E-01 0.10087E+00 0.12819E-04
90.25000 0.47026E+00 0.32198E+00 0.11267E-01 0.34137E-01 0.39568E-01 0.99711E-01 0.12541E-04
90.50000 0.46714E+00 0.31743E+00 0.11672E-01 0.34733E-01 0.39757E-01 0.10640E+00 0.12271E-04
90.75000 0.46375E+00 0.31258E+00 0.12090E-01 0.35426E-01 0.39981E-01 0.11353E+00 0.12020E-04
91.00000 0.46423E+00 0.31270E+00 0.12067E-01 0.36124E-01 0.40213E-01 0.11222E+00 0.11777E-04
91.25000 0.46472E+00 0.31282E+00 0.12051E-01 0.36797E-01 0.40445E-01 0.11093E+00 0.11537E-04
91.50000 0.46107E+00 0.30770E+00 0.12504E-01 0.37478E-01 0.40687E-01 0.11853E+00 0.11305E-04
91.75000 0.45711E+00 0.30225E+00 0.12972E-01 0.38269E-01 0.40968E-01 0.12662E+00 0.11091E-04
92.00000 0.45760E+00 0.30236E+00 0.12940E-01 0.39066E-01 0.41260E-01 0.12516E+00 0.10884E-04
92.25000 0.45809E+00 0.30247E+00 0.12915E-01 0.39834E-01 0.41551E-01 0.12372E+00 0.10678E-04
92.50000 0.45382E+00 0.29672E+00 0.13421E-01 0.40612E-01 0.41854E-01 0.13235E+00 0.10479E-04
92.75000 0.44919E+00 0.29061E+00 0.13942E-01 0.41513E-01 0.42202E-01 0.14151E+00 0.10299E-04
93.00000 0.44969E+00 0.29071E+00 0.13898E-01 0.42423E-01 0.42563E-01 0.13989E+00 0.10124E-04
93.25000 0.45018E+00 0.29080E+00 0.13862E-01 0.43300E-01 0.42923E-01 0.13829E+00 0.99503E-05
93.50000 0.44521E+00 0.28438E+00 0.14425E-01 0.44187E-01 0.43298E-01 0.14805E+00 0.97820E-05
93.75000 0.43980E+00 0.27757E+00 0.15003E-01 0.45214E-01 0.43724E-01 0.15842E+00 0.96324E-05
94.00000 0.44031E+00 0.27764E+00 0.14943E-01 0.46251E-01 0.44165E-01 0.15661E+00 0.94878E-05
94.25000 0.44081E+00 0.27772E+00 0.14891E-01 0.47250E-01 0.44607E-01 0.15481E+00 0.93430E-05
94.50000 0.43501E+00 0.27058E+00 0.15514E-01 0.48262E-01 0.45065E-01 0.16585E+00 0.92031E-05
94.75000 0.42872E+00 0.26303E+00 0.16153E-01 0.49430E-01 0.45583E-01 0.17753E+00 0.90820E-05
95.00000 0.42923E+00 0.26309E+00 0.16071E-01 0.50610E-01 0.46119E-01 0.17550E+00 0.89652E-05
95.25000 0.42974E+00 0.26315E+00 0.15999E-01 0.51747E-01 0.46656E-01 0.17350E+00 0.88474E-05
95.50000 0.42299E+00 0.25526E+00 0.16685E-01 0.52898E-01 0.47212E-01 0.18590E+00 0.87340E-05
95.75000 0.41570E+00 0.24696E+00 0.17385E-01 0.54225E-01 0.47839E-01 0.19901E+00 0.86396E-05
96.00000 0.41622E+00 0.24699E+00 0.17275E-01 0.55564E-01 0.48486E-01 0.19673E+00 0.85490E-05
96.25000 0.41674E+00 0.24703E+00 0.17176E-01 0.56855E-01 0.49134E-01 0.19449E+00 0.84567E-05
96.50000 0.40892E+00 0.23840E+00 0.17924E-01 0.58161E-01 0.49805E-01 0.20836E+00 0.83683E-05
96.75000 0.40050E+00 0.22936E+00 0.18682E-01 0.59663E-01 0.50559E-01 0.22296E+00 0.82992E-05
97.00000 0.40102E+00 0.22937E+00 0.18538E-01 0.61178E-01 0.51337E-01 0.22041E+00 0.82336E-05
97.25000 0.40155E+00 0.22938E+00 0.18405E-01 0.62639E-01 0.52116E-01 0.21790E+00 0.81657E-05
97.50000 0.39255E+00 0.22005E+00 0.19211E-01 0.64117E-01 0.52921E-01 0.23328E+00 0.81013E-05
97.75000 0.38288E+00 0.21032E+00 0.20021E-01 0.65809E-01 0.53824E-01 0.24939E+00 0.80566E-05
98.00000 0.38341E+00 0.21031E+00 0.19832E-01 0.67515E-01 0.54754E-01 0.24655E+00 0.80151E-05
98.25000 0.38395E+00 0.21029E+00 0.19656E-01 0.69162E-01 0.55685E-01 0.24374E+00 0.79708E-05
98.50000 0.37365E+00 0.20033E+00 0.20513E-01 0.70825E-01 0.56647E-01 0.26062E+00 0.79299E-05
98.75000 0.36265E+00 0.19004E+00 0.21364E-01 0.72722E-01 0.57721E-01 0.27820E+00 0.79091E-05
99.00000 0.36319E+00 0.18999E+00 0.21121E-01 0.74634E-01 0.58827E-01 0.27503E+00 0.78913E-05
99.25000 0.36374E+00 0.18994E+00 0.20891E-01 0.76477E-01 0.59934E-01 0.27190E+00 0.78703E-05
99.50000 0.35208E+00 0.17949E+00 0.21785E-01 0.78339E-01 0.61076E-01 0.29020E+00 0.78526E-05
99.75000 0.33970E+00 0.16880E+00 0.22658E-01 0.80451E-01 0.62347E-01 0.30909E+00 0.78554E-05
100.00000 0.34025E+00 0.16871E+00 0.22350E-01 0.82576E-01 0.63653E-01 0.30556E+00 0.78612E-05
100.25000 0.34081E+00 0.16864E+00 0.22056E-01 0.84627E-01 0.64960E-01 0.30209E+00 0.78635E-05
100.50000 0.32778E+00 0.15790E+00 0.22966E-01 0.86693E-01 0.66304E-01 0.32159E+00 0.78690E-05
100.75000 0.31405E+00 0.14705E+00 0.23839E-01 0.89024E-01 0.67796E-01 0.34152E+00 0.78955E-05
101.00000 0.31462E+00 0.14692E+00 0.23454E-01 0.91366E-01 0.69326E-01 0.33763E+00 0.79251E-05
101.25000 0.31518E+00 0.14681E+00 0.23087E-01 0.93625E-01 0.70854E-01 0.33379E+00 0.79510E-05
101.50000 0.30086E+00 0.13606E+00 0.23986E-01 0.95898E-01 0.72423E-01 0.35415E+00 0.79801E-05
101.75000 0.28592E+00 0.12533E+00 0.24828E-01 0.98444E-01 0.74155E-01 0.37472E+00 0.80306E-05
102.00000 0.28650E+00 0.12517E+00 0.24358E-01 0.10100E+00 0.75927E-01 0.37045E+00 0.80842E-05
102.25000 0.28707E+00 0.12503E+00 0.23910E-01 0.10346E+00 0.77692E-01 0.36624E+00 0.81340E-05
102.50000 0.27165E+00 0.11456E+00 0.24768E-01 0.10593E+00 0.79500E-01 0.38698E+00 0.81872E-05
102.75000 0.25576E+00 0.10428E+00 0.25544E-01 0.10867E+00 0.81486E-01 0.40763E+00 0.82619E-05
103.00000 0.25635E+00 0.10409E+00 0.24986E-01 0.11142E+00 0.83510E-01 0.40299E+00 0.83400E-05
103.25000 0.25694E+00 0.10392E+00 0.24454E-01 0.11406E+00 0.85519E-01 0.39840E+00 0.84142E-05
103.50000 0.24074E+00 0.94072E-01 0.25237E-01 0.11671E+00 0.87570E-01 0.41892E+00 0.84919E-05
103.75000 0.22430E+00 0.84553E-01 0.25914E-01 0.11963E+00 0.89808E-01 0.43899E+00 0.85911E-05
104.00000 0.22490E+00 0.84343E-01 0.25270E-01 0.12254E+00 0.92080E-01 0.43398E+00 0.86937E-05
104.25000 0.22551E+00 0.84159E-01 0.24660E-01 0.12534E+00 0.94327E-01 0.42904E+00 0.87927E-05
104.50000 0.20899E+00 0.75230E-01 0.25338E-01 0.12814E+00 0.96610E-01 0.44864E+00 0.88951E-05
104.75000 0.19251E+00 0.66752E-01 0.25887E-01 0.13118E+00 0.99083E-01 0.46742E+00 0.90187E-05
105.00000 0.19314E+00 0.66537E-01 0.25173E-01 0.13421E+00 0.10158E+00 0.46209E+00 0.91457E-05
105.25000 0.19376E+00 0.66354E-01 0.24498E-01 0.13712E+00 0.10404E+00 0.45682E+00 0.92694E-05
105.50000 0.17750E+00 0.58586E-01 0.25048E-01 0.14002E+00 0.10653E+00 0.47478E+00 0.93965E-05
105.75000 0.16159E+00 0.51344E-01 0.25454E-01 0.14314E+00 0.10920E+00 0.49158E+00 0.95439E-05
106.00000 0.16223E+00 0.51146E-01 0.24691E-01 0.14623E+00 0.11188E+00 0.48596E+00 0.96946E-05
106.25000 0.16287E+00 0.50987E-01 0.23978E-01 0.14921E+00 0.11451E+00 0.48042E+00 0.98423E-05
106.50000 0.14747E+00 0.44511E-01 0.24390E-01 0.15215E+00 0.11715E+00 0.49610E+00 0.99933E-05
106.75000 0.13272E+00 0.38581E-01 0.24652E-01 0.15529E+00 0.11996E+00 0.51039E+00 0.10163E-04
107.00000 0.13338E+00 0.38425E-01 0.23874E-01 0.15838E+00 0.12277E+00 0.50455E+00 0.10336E-04
107.25000 0.13404E+00 0.38315E-01 0.23153E-01 0.16135E+00 0.12551E+00 0.49878E+00 0.10507E-04
107.50000 0.12001E+00 0.33134E-01 0.23436E-01 0.16429E+00 0.12826E+00 0.51180E+00 0.10680E-04
107.75000 0.10685E+00 0.28467E-01 0.23572E-01 0.16737E+00 0.13115E+00 0.52328E+00 0.10871E-04
108.00000 0.10753E+00 0.28381E-01 0.22815E-01 0.17039E+00 0.13402E+00 0.51728E+00 0.11065E-04
108.25000 0.10821E+00 0.28344E-01 0.22121E-01 0.17330E+00 0.13681E+00 0.51136E+00 0.11256E-04
108.50000 0.95911E-01 0.24354E-01 0.22295E-01 0.17616E+00 0.13960E+00 0.52155E+00 0.11450E-04
108.75000 0.84605E-01 0.20814E-01 0.22334E-01 0.17912E+00 0.14250E+00 0.53020E+00 0.11659E-04
109.00000 0.85305E-01 0.20819E-01 0.21630E-01 0.18202E+00 0.14538E+00 0.52412E+00 0.11871E-04
109.25000 0.86005E-01 0.20876E-01 0.20990E-01 0.18481E+00 0.14817E+00 0.51811E+00 0.12080E-04
109.50000 0.75602E-01 0.17899E-01 0.21085E-01 0.18753E+00 0.15094E+00 0.52557E+00 0.12292E-04
109.75000 0.66214E-01 0.15295E-01 0.21059E-01 0.19032E+00 0.15381E+00 0.53159E+00 0.12517E-04
110.00000 0.66934E-01 0.15407E-01 0.20431E-01 0.19304E+00 0.15663E+00 0.52548E+00 0.12744E-04
110.25000 0.67655E-01 0.15572E-01 0.19865E-01 0.19564E+00 0.15938E+00 0.51945E+00 0.12969E-04
110.50000 0.59115E-01 0.13399E-01 0.19908E-01 0.19818E+00 0.16210E+00 0.52449E+00 0.13196E-04
110.75000 0.51535E-01 0.11558E-01 0.19847E-01 0.20076E+00 0.16486E+00 0.52825E+00 0.13434E-04
111.00000 0.52275E-01 0.11802E-01 0.19305E-01 0.20325E+00 0.16760E+00 0.52217E+00 0.13674E-04
111.25000 0.53015E-01 0.12080E-01 0.18821E-01 0.20564E+00 0.17028E+00 0.51617E+00 0.13911E-04
111.50000 0.46165E-01 0.10527E-01 0.18836E-01 0.20796E+00 0.17289E+00 0.51921E+00 0.14150E-04
111.75000 0.40171E-01 0.94192E-02 0.18758E-01 0.21029E+00 0.17535E+00 0.52117E+00 0.14398E-04
112.00000 0.40929E-01 0.99923E-02 0.18300E-01 0.21254E+00 0.17779E+00 0.51517E+00 0.14648E-04
112.25000 0.41688E-01 0.10481E-01 0.17899E-01 0.21468E+00 0.18028E+00 0.50924E+00 0.14895E-04
112.50000 0.36278E-01 0.93164E-02 0.17914E-01 0.21675E+00 0.18274E+00 0.51081E+00 0.15143E-04
112.75000 0.31597E-01 0.85706E-02 0.17848E-01 0.21882E+00 0.18502E+00 0.51149E+00 0.15399E-04
113.00000 0.32372E-01 0.93057E-02 0.17469E-01 0.22081E+00 0.18732E+00 0.50559E+00 0.15656E-04
113.25000 0.33148E-01 0.99271E-02 0.17142E-01 0.22269E+00 0.18970E+00 0.49976E+00 0.15911E-04
113.50000 0.28898E-01 0.89319E-02 0.17163E-01 0.22451E+00 0.19208E+00 0.50030E+00 0.16166E-04
113.75000 0.25255E-01 0.83245E-02 0.17112E-01 0.22631E+00 0.19429E+00 0.50009E+00 0.16428E-04
114.00000 0.26046E-01 0.91323E-02 0.16796E-01 0.22803E+00 0.19654E+00 0.49432E+00 0.16690E-04
114.25000 0.26836E-01 0.98086E-02 0.16523E-01 0.22966E+00 0.19890E+00 0.48862E+00 0.16950E-04
114.50000 0.23485E-01 0.88805E-02 0.16548E-01 0.23122E+00 0.20125E+00 0.48843E+00 0.17210E-04
114.75000 0.20636E-01 0.83183E-02 0.16505E-01 0.23276E+00 0.20345E+00 0.48762E+00 0.17476E-04
115.00000 0.21440E-01 0.91598E-02 0.16231E-01 0.23422E+00 0.20570E+00 0.48199E+00 0.17743E-04
115.25000 0.22245E-01 0.98667E-02 0.15992E-01 0.23560E+00 0.20806E+00 0.47643E+00 0.18006E-04
115.50000 0.19572E-01 0.89715E-02 0.16015E-01 0.23690E+00 0.21040E+00 0.47577E+00 0.18270E-04
115.75000 0.17314E-01 0.84133E-02 0.15975E-01 0.23819E+00 0.21261E+00 0.47457E+00 0.18539E-04
116.00000 0.18132E-01 0.92700E-02 0.15727E-01 0.23940E+00 0.21488E+00 0.46909E+00 0.18808E-04
116.25000 0.18950E-01 0.10034E-01 0.15508E-01 0.24053E+00 0.21722E+00 0.46367E+00 0.19074E-04
116.50000 0.16777E-01 0.91585E-02 0.15527E-01 0.24160E+00 0.21954E+00 0.46272E+00 0.19341E-04
116.75000 0.14953E-01 0.85746E-02 0.15486E-01 0.24264E+00 0.22178E+00 0.46130E+00 0.19612E-04
117.00000 0.15784E-01 0.94424E-02 0.15253E-01 0.24362E+00 0.22407E+00 0.45597E+00 0.19882E-04
117.25000 0.16614E-01 0.10290E-01 0.15046E-01 0.24452E+00 0.22636E+00 0.45071E+00 0.20151E-04
117.50000 0.14806E-01 0.94488E-02 0.15058E-01 0.24536E+00 0.22864E+00 0.44962E+00 0.20419E-04
117.75000 0.13296E-01 0.88225E-02 0.15017E-01 0.24618E+00 0.23090E+00 0.44810E+00 0.20691E-04
118.00000 0.14139E-01 0.97354E-02 0.14793E-01 0.24694E+00 0.23318E+00 0.44292E+00 0.20963E-04
118.25000 0.14981E-01 0.10675E-01 0.14592E-01 0.24762E+00 0.23541E+00 0.43781E+00 0.21233E-04
118.50000 0.13436E-01 0.98614E-02 0.14602E-01 0.24825E+00 0.23762E+00 0.43669E+00 0.21502E-04
118.75000 0.12151E-01 0.92129E-02 0.14560E-01 0.24886E+00 0.23986E+00 0.43518E+00 0.21776E-04
119.00000 0.13005E-01 0.10213E-01 0.14341E-01 0.24942E+00 0.24206E+00 0.43015E+00 0.22049E-04
119.25000 0.13860E-01 0.11247E-01 0.14146E-01 0.24990E+00 0.24422E+00 0.42518E+00 0.22320E-04
119.50000 0.12501E-01 0.10435E-01 0.14157E-01 0.25034E+00 0.24635E+00 0.42413E+00 0.22591E-04
119.75000 0.11376E-01 0.97911E-02 0.14116E-01 0.25076E+00 0.24851E+00 0.42271E+00 0.22866E-04
120.00000 0.12241E-01 0.10886E-01 0.13902E-01 0.25113E+00 0.25063E+00 0.41783E+00 0.23140E-04
120.25000 0.13107E-01 0.12015E-01 0.13712E-01 0.25143E+00 0.25270E+00 0.41300E+00 0.23412E-04
120.50000 0.11881E-01 0.11177E-01 0.13727E-01 0.25169E+00 0.25474E+00 0.41209E+00 0.23684E-04
120.75000 0.10867E-01 0.10513E-01 0.13691E-01 0.25194E+00 0.25681E+00 0.41083E+00 0.23960E-04
121.00000 0.11744E-01 0.11703E-01 0.13480E-01 0.25214E+00 0.25884E+00 0.40608E+00 0.24236E-04
121.25000 0.12621E-01 0.12926E-01 0.13294E-01 0.25228E+00 0.26081E+00 0.40139E+00 0.24509E-04
121.50000 0.11486E-01 0.12041E-01 0.13316E-01 0.25238E+00 0.26276E+00 0.40067E+00 0.24783E-04
121.75000 0.10550E-01 0.11337E-01 0.13285E-01 0.25247E+00 0.26474E+00 0.39960E+00 0.25061E-04
122.00000 0.11438E-01 0.12621E-01 0.13077E-01 0.25252E+00 0.26667E+00 0.39498E+00 0.25338E-04
122.25000 0.12327E-01 0.13939E-01 0.12894E-01 0.25252E+00 0.26854E+00 0.39042E+00 0.25614E-04
122.50000 0.11254E-01 0.12991E-01 0.12924E-01 0.25248E+00 0.27038E+00 0.38994E+00 0.25889E-04
122.75000 0.10370E-01 0.12232E-01 0.12899E-01 0.25243E+00 0.27226E+00 0.38909E+00 0.26169E-04
123.00000 0.11270E-01 0.13609E-01 0.12692E-01 0.25235E+00 0.27409E+00 0.38459E+00 0.26449E-04
123.25000 0.12169E-01 0.15019E-01 0.12512E-01 0.25222E+00 0.27586E+00 0.38015E+00 0.26727E-04
123.50000 0.11138E-01 0.13996E-01 0.12552E-01 0.25205E+00 0.27759E+00 0.37992E+00 0.27005E-04
123.75000 0.10287E-01 0.13174E-01 0.12533E-01 0.25189E+00 0.27937E+00 0.37932E+00 0.27288E-04
124.00000 0.11198E-01 0.14640E-01 0.12327E-01 0.25169E+00 0.28109E+00 0.37493E+00 0.27571E-04
124.25000 0.12109E-01 0.16140E-01 0.12149E-01 0.25145E+00 0.28275E+00 0.37061E+00 0.27852E-04
124.50000 0.11103E-01 0.15035E-01 0.12198E-01 0.25117E+00 0.28438E+00 0.37063E+00 0.28133E-04
124.75000 0.10273E-01 0.14141E-01 0.12186E-01 0.25091E+00 0.28604E+00 0.37028E+00 0.28420E-04
125.00000 0.11196E-01 0.15694E-01 0.11981E-01 0.25061E+00 0.28766E+00 0.36600E+00 0.28707E-04
125.25000 0.12119E-01 0.17281E-01 0.11805E-01 0.25027E+00 0.28920E+00 0.36178E+00 0.28991E-04
125.50000 0.11127E-01 0.16087E-01 0.11864E-01 0.24990E+00 0.29072E+00 0.36208E+00 0.29276E-04
125.75000 0.10308E-01 0.15114E-01 0.11859E-01 0.24954E+00 0.29228E+00 0.36198E+00 0.29568E-04
126.00000 0.11242E-01 0.16752E-01 0.11653E-01 0.24916E+00 0.29379E+00 0.35780E+00 0.29859E-04
126.25000 0.12177E-01 0.18423E-01 0.11479E-01 0.24874E+00 0.29522E+00 0.35368E+00 0.30148E-04
126.50000 0.11190E-01 0.17135E-01 0.11549E-01 0.24829E+00 0.29662E+00 0.35424E+00 0.30438E-04
126.75000 0.10375E-01 0.16081E-01 0.11551E-01 0.24786E+00 0.29807E+00 0.35440E+00 0.30734E-04
127.00000 0.11322E-01 0.17799E-01 0.11345E-01 0.24740E+00 0.29947E+00 0.35031E+00 0.31031E-04
127.25000 0.12268E-01 0.19550E-01 0.11171E-01 0.24691E+00 0.30079E+00 0.34627E+00 0.31325E-04
127.50000 0.11281E-01 0.18166E-01 0.11252E-01 0.24639E+00 0.30208E+00 0.34710E+00 0.31620E-04
127.75000 0.10463E-01 0.17026E-01 0.11261E-01 0.24590E+00 0.30343E+00 0.34751E+00 0.31922E-04
128.00000 0.11423E-01 0.18821E-01 0.11054E-01 0.24539E+00 0.30472E+00 0.34350E+00 0.32225E-04
128.25000 0.12381E-01 0.20648E-01 0.10882E-01 0.24483E+00 0.30592E+00 0.33955E+00 0.32525E-04
128.50000 0.11389E-01 0.19166E-01 0.10972E-01 0.24426E+00 0.30710E+00 0.34064E+00 0.32826E-04
128.75000 0.10565E-01 0.17939E-01 0.10988E-01 0.24372E+00 0.30834E+00 0.34130E+00 0.33134E-04
129.00000 0.11538E-01 0.19806E-01 0.10780E-01 0.24315E+00 0.30952E+00 0.33737E+00 0.33444E-04
129.25000 0.12509E-01 0.21705E-01 0.10609E-01 0.24255E+00 0.31062E+00 0.33349E+00 0.33751E-04
129.50000 0.11507E-01 0.20123E-01 0.10710E-01 0.24194E+00 0.31169E+00 0.33483E+00 0.34058E-04
129.75000 0.10674E-01 0.18808E-01 0.10733E-01 0.24135E+00 0.31282E+00 0.33573E+00 0.34374E-04
130.00000 0.11660E-01 0.20744E-01 0.10524E-01 0.24075E+00 0.31390E+00 0.33186E+00 0.34691E-04
130.25000 0.12644E-01 0.22711E-01 0.10353E-01 0.24011E+00 0.31489E+00 0.32805E+00 0.35005E-04
130.50000 0.11629E-01 0.21029E-01 0.10464E-01 0.23946E+00 0.31585E+00 0.32965E+00 0.35321E-04
130.75000 0.10786E-01 0.19626E-01 0.10494E-01 0.23885E+00 0.31689E+00 0.33077E+00 0.35644E-04
131.00000 0.11784E-01 0.21626E-01 0.10284E-01 0.23822E+00 0.31786E+00 0.32696E+00 0.35969E-04
131.25000 0.12781E-01 0.23655E-01 0.10114E-01 0.23755E+00 0.31874E+00 0.32322E+00 0.36291E-04
131.50000 0.11753E-01 0.21875E-01 0.10235E-01 0.23687E+00 0.31961E+00 0.32505E+00 0.36615E-04
131.75000 0.10896E-01 0.20384E-01 0.10271E-01 0.23624E+00 0.32054E+00 0.32639E+00 0.36947E-04
132.00000 0.11908E-01 0.22443E-01 0.10059E-01 0.23559E+00 0.32141E+00 0.32264E+00 0.37281E-04
132.25000 0.12919E-01 0.24532E-01 0.98899E-02 0.23490E+00 0.32220E+00 0.31894E+00 0.37611E-04
132.50000 0.11873E-01 0.22653E-01 0.10020E-01 0.23420E+00 0.32296E+00 0.32100E+00 0.37944E-04
132.75000 0.11002E-01 0.21076E-01 0.10062E-01 0.23355E+00 0.32380E+00 0.32256E+00 0.38285E-04
133.00000 0.12028E-01 0.23190E-01 0.98493E-02 0.23289E+00 0.32458E+00 0.31885E+00 0.38628E-04
133.25000 0.13053E-01 0.25333E-01 0.96807E-02 0.23219E+00 0.32526E+00 0.31521E+00 0.38968E-04
133.50000 0.11989E-01 0.23358E-01 0.98202E-02 0.23148E+00 0.32593E+00 0.31748E+00 0.39310E-04
133.75000 0.11103E-01 0.21697E-01 0.98684E-02 0.23082E+00 0.32668E+00 0.31924E+00 0.39661E-04
134.00000 0.12143E-01 0.23861E-01 0.96539E-02 0.23015E+00 0.32736E+00 0.31558E+00 0.40014E-04
134.25000 0.13182E-01 0.26053E-01 0.94857E-02 0.22944E+00 0.32795E+00 0.31197E+00 0.40364E-04
134.50000 0.12099E-01 0.23986E-01 0.96341E-02 0.22873E+00 0.32853E+00 0.31446E+00 0.40715E-04
134.75000 0.11196E-01 0.22242E-01 0.96880E-02 0.22806E+00 0.32919E+00 0.31640E+00 0.41077E-04
135.00000 0.12251E-01 0.24453E-01 0.94721E-02 0.22739E+00 0.32979E+00 0.31277E+00 0.41441E-04
135.25000 0.13305E-01 0.26690E-01 0.93042E-02 0.22668E+00 0.33029E+00 0.30920E+00 0.41801E-04
135.50000 0.12201E-01 0.24532E-01 0.94611E-02 0.22597E+00 0.33078E+00 0.31189E+00 0.42163E-04
135.75000 0.11281E-01 0.22710E-01 0.95205E-02 0.22530E+00 0.33136E+00 0.31401E+00 0.42536E-04
136.00000 0.12352E-01 0.24962E-01 0.93032E-02 0.22463E+00 0.33187E+00 0.31041E+00 0.42911E-04
136.25000 0.13420E-01 0.27240E-01 0.91356E-02 0.22393E+00 0.33229E+00 0.30687E+00 0.43282E-04
136.50000 0.12295E-01 0.25000E-01 0.93003E-02 0.22322E+00 0.33270E+00 0.30973E+00 0.43654E-04
136.75000 0.11357E-01 0.23110E-01 0.93647E-02 0.22257E+00 0.33319E+00 0.31201E+00 0.44039E-04
137.00000 0.12440E-01 0.25400E-01 0.91463E-02 0.22191E+00 0.33363E+00 0.30844E+00 0.44424E-04
137.25000 0.13519E-01 0.27715E-01 0.89792E-02 0.22122E+00 0.33397E+00 0.30493E+00 0.44806E-04
137.50000 0.12375E-01 0.25404E-01 0.91511E-02 0.22053E+00 0.33430E+00 0.30795E+00 0.45190E-04
137.75000 0.11420E-01 0.23453E-01 0.92202E-02 0.21989E+00 0.33473E+00 0.31037E+00 0.45585E-04
138.00000 0.12514E-01 0.25776E-01 0.90011E-02 0.21925E+00 0.33509E+00 0.30682E+00 0.45982E-04
138.25000 0.13603E-01 0.28124E-01 0.88347E-02 0.21857E+00 0.33535E+00 0.30334E+00 0.46375E-04
138.50000 0.12440E-01 0.25744E-01 0.90135E-02 0.21790E+00 0.33561E+00 0.30650E+00 0.46770E-04
138.75000 0.11470E-01 0.23734E-01 0.90872E-02 0.21728E+00 0.33597E+00 0.30905E+00 0.47177E-04
139.00000 0.12575E-01 0.26087E-01 0.88675E-02 0.21666E+00 0.33626E+00 0.30552E+00 0.47586E-04
139.25000 0.13676E-01 0.28464E-01 0.87018E-02 0.21600E+00 0.33646E+00 0.30205E+00 0.47990E-04
139.50000 0.12493E-01 0.26017E-01 0.88871E-02 0.21534E+00 0.33664E+00 0.30535E+00 0.48397E-04
139.75000 0.11508E-01 0.23951E-01 0.89652E-02 0.21474E+00 0.33694E+00 0.30802E+00 0.48816E-04
140.00000 0.12625E-01 0.26330E-01 0.87451E-02 0.21414E+00 0.33717E+00 0.30451E+00 0.49237E-04
140.25000 0.13737E-01 0.28732E-01 0.85799E-02 0.21350E+00 0.33730E+00 0.30106E+00 0.49653E-04
140.50000 0.12536E-01 0.26223E-01 0.87715E-02 0.21287E+00 0.33743E+00 0.30448E+00 0.50072E-04
140.75000 0.11536E-01 0.24104E-01 0.88537E-02 0.21229E+00 0.33766E+00 0.30726E+00 0.50504E-04
141.00000 0.12664E-01 0.26506E-01 0.86330E-02 0.21171E+00 0.33783E+00 0.30376E+00 0.50937E-04
141.25000 0.13788E-01 0.28929E-01 0.84685E-02 0.21109E+00 0.33790E+00 0.30032E+00 0.51366E-04
141.50000 0.12568E-01 0.26362E-01 0.86658E-02 0.21048E+00 0.33797E+00 0.30386E+00 0.51796E-04
141.75000 0.11554E-01 0.24196E-01 0.87519E-02 0.20993E+00 0.33815E+00 0.30674E+00 0.52241E-04
142.00000 0.12695E-01 0.26617E-01 0.85308E-02 0.20937E+00 0.33827E+00 0.30325E+00 0.52688E-04
142.25000 0.13830E-01 0.29058E-01 0.83668E-02 0.20877E+00 0.33829E+00 0.29982E+00 0.53129E-04
142.50000 0.12592E-01 0.26437E-01 0.85696E-02 0.20818E+00 0.33830E+00 0.30347E+00 0.53572E-04
142.75000 0.11564E-01 0.24228E-01 0.86591E-02 0.20765E+00 0.33843E+00 0.30643E+00 0.54030E-04
143.00000 0.12717E-01 0.26665E-01 0.84377E-02 0.20712E+00 0.33850E+00 0.30294E+00 0.54490E-04
143.25000 0.13865E-01 0.29120E-01 0.82743E-02 0.20655E+00 0.33846E+00 0.29953E+00 0.54944E-04
143.50000 0.12608E-01 0.26451E-01 0.84820E-02 0.20598E+00 0.33843E+00 0.30327E+00 0.55400E-04
143.75000 0.11567E-01 0.24204E-01 0.85749E-02 0.20547E+00 0.33851E+00 0.30631E+00 0.55872E-04
144.00000 0.12733E-01 0.26653E-01 0.83532E-02 0.20496E+00 0.33853E+00 0.30283E+00 0.56346E-04
144.25000 0.13893E-01 0.29121E-01 0.81903E-02 0.20441E+00 0.33845E+00 0.29941E+00 0.56813E-04
144.50000 0.12618E-01 0.26408E-01 0.84026E-02 0.20387E+00 0.33837E+00 0.30324E+00 0.57282E-04
144.75000 0.11563E-01 0.24128E-01 0.84985E-02 0.20338E+00 0.33841E+00 0.30636E+00 0.57768E-04
145.00000 0.12742E-01 0.26588E-01 0.82766E-02 0.20289E+00 0.33839E+00 0.30288E+00 0.58256E-04
145.25000 0.13915E-01 0.29064E-01 0.81142E-02 0.20237E+00 0.33827E+00 0.29947E+00 0.58736E-04
145.50000 0.12622E-01 0.26312E-01 0.83308E-02 0.20185E+00 0.33815E+00 0.30337E+00 0.59219E-04
145.75000 0.11554E-01 0.24004E-01 0.84295E-02 0.20139E+00 0.33815E+00 0.30654E+00 0.59719E-04
146.00000 0.12746E-01 0.26472E-01 0.82075E-02 0.20092E+00 0.33809E+00 0.30306E+00 0.60221E-04
146.25000 0.13932E-01 0.28955E-01 0.80456E-02 0.20042E+00 0.33793E+00 0.29965E+00 0.60716E-04
146.50000 0.12621E-01 0.26170E-01 0.82661E-02 0.19992E+00 0.33778E+00 0.30363E+00 0.61213E-04
146.75000 0.11541E-01 0.23838E-01 0.83674E-02 0.19949E+00 0.33774E+00 0.30685E+00 0.61728E-04
147.00000 0.12747E-01 0.26312E-01 0.81453E-02 0.19904E+00 0.33765E+00 0.30337E+00 0.62244E-04
147.25000 0.13946E-01 0.28799E-01 0.79839E-02 0.19856E+00 0.33746E+00 0.29996E+00 0.62753E-04
147.50000 0.12617E-01 0.25985E-01 0.82079E-02 0.19809E+00 0.33727E+00 0.30400E+00 0.63264E-04
147.75000 0.11524E-01 0.23635E-01 0.83116E-02 0.19767E+00 0.33720E+00 0.30726E+00 0.63794E-04
148.00000 0.12745E-01 0.26111E-01 0.80895E-02 0.19725E+00 0.33708E+00 0.30378E+00 0.64325E-04
148.25000 0.13958E-01 0.28601E-01 0.79287E-02 0.19680E+00 0.33685E+00 0.30037E+00 0.64848E-04
148.50000 0.12610E-01 0.25763E-01 0.81559E-02 0.19634E+00 0.33663E+00 0.30446E+00 0.65374E-04
148.75000 0.11505E-01 0.23399E-01 0.82617E-02 0.19595E+00 0.33654E+00 0.30776E+00 0.65919E-04
149.00000 0.12740E-01 0.25876E-01 0.80397E-02 0.19555E+00 0.33639E+00 0.30428E+00 0.66465E-04
149.25000 0.13968E-01 0.28367E-01 0.78794E-02 0.19511E+00 0.33613E+00 0.30086E+00 0.67003E-04
149.50000 0.12602E-01 0.25509E-01 0.81096E-02 0.19468E+00 0.33589E+00 0.30500E+00 0.67544E-04
149.75000 0.11485E-01 0.23134E-01 0.82173E-02 0.19431E+00 0.33577E+00 0.30833E+00 0.68104E-04
150.00000 0.12735E-01 0.25612E-01 0.79955E-02 0.19393E+00 0.33559E+00 0.30484E+00 0.68666E-04
150.25000 0.13978E-01 0.28100E-01 0.78356E-02 0.19351E+00 0.33531E+00 0.30142E+00 0.69217E-04
150.50000 0.12593E-01 0.25227E-01 0.80685E-02 0.19309E+00 0.33504E+00 0.30560E+00 0.69771E-04
150.75000 0.11464E-01 0.22846E-01 0.81780E-02 0.19274E+00 0.33490E+00 0.30896E+00 0.70345E-04
151.00000 0.12730E-01 0.25322E-01 0.79563E-02 0.19238E+00 0.33470E+00 0.30546E+00 0.70920E-04
151.25000 0.13987E-01 0.27807E-01 0.77969E-02 0.19198E+00 0.33440E+00 0.30204E+00 0.71487E-04
151.50000 0.12584E-01 0.24922E-01 0.80322E-02 0.19159E+00 0.33411E+00 0.30625E+00 0.72057E-04
151.75000 0.11444E-01 0.22539E-01 0.81433E-02 0.19125E+00 0.33394E+00 0.30963E+00 0.72648E-04
152.00000 0.12726E-01 0.25011E-01 0.79218E-02 0.19091E+00 0.33372E+00 0.30612E+00 0.73241E-04
152.25000 0.13998E-01 0.27492E-01 0.77629E-02 0.19053E+00 0.33341E+00 0.30269E+00 0.73824E-04
152.50000 0.12576E-01 0.24599E-01 0.80004E-02 0.19015E+00 0.33309E+00 0.30694E+00 0.74411E-04
152.75000 0.11425E-01 0.22216E-01 0.81130E-02 0.18983E+00 0.33291E+00 0.31033E+00 0.75019E-04
153.00000 0.12723E-01 0.24683E-01 0.78917E-02 0.18951E+00 0.33267E+00 0.30682E+00 0.75629E-04
153.25000 0.14011E-01 0.27159E-01 0.77332E-02 0.18914E+00 0.33234E+00 0.30338E+00 0.76230E-04
153.50000 0.12570E-01 0.24260E-01 0.79727E-02 0.18878E+00 0.33201E+00 0.30765E+00 0.76833E-04
153.75000 0.11407E-01 0.21881E-01 0.80865E-02 0.18848E+00 0.33181E+00 0.31106E+00 0.77459E-04
154.00000 0.12722E-01 0.24342E-01 0.78655E-02 0.18817E+00 0.33156E+00 0.30754E+00 0.78087E-04
154.25000 0.14027E-01 0.26811E-01 0.77074E-02 0.18782E+00 0.33121E+00 0.30410E+00 0.78705E-04
154.50000 0.12567E-01 0.23911E-01 0.79486E-02 0.18747E+00 0.33086E+00 0.30839E+00 0.79325E-04
154.75000 0.11392E-01 0.21537E-01 0.80637E-02 0.18718E+00 0.33065E+00 0.31180E+00 0.79970E-04
155.00000 0.12724E-01 0.23992E-01 0.78429E-02 0.18689E+00 0.33039E+00 0.30827E+00 0.80616E-04
155.25000 0.14046E-01 0.26452E-01 0.76852E-02 0.18655E+00 0.33002E+00 0.30483E+00 0.81251E-04
155.50000 0.12566E-01 0.23553E-01 0.79280E-02 0.18622E+00 0.32966E+00 0.30913E+00 0.81889E-04
155.75000 0.11379E-01 0.21187E-01 0.80441E-02 0.18594E+00 0.32944E+00 0.31255E+00 0.82552E-04
156.00000 0.12729E-01 0.23634E-01 0.78236E-02 0.18566E+00 0.32916E+00 0.30902E+00 0.83217E-04
156.25000 0.14069E-01 0.26086E-01 0.76662E-02 0.18534E+00 0.32878E+00 0.30556E+00 0.83870E-04
156.50000 0.12569E-01 0.23190E-01 0.79105E-02 0.18502E+00 0.32842E+00 0.30989E+00 0.84527E-04
156.75000 0.11370E-01 0.20834E-01 0.80276E-02 0.18475E+00 0.32818E+00 0.31331E+00 0.85209E-04
157.00000 0.12739E-01 0.23272E-01 0.78073E-02 0.18448E+00 0.32789E+00 0.30976E+00 0.85893E-04
157.25000 0.14096E-01 0.25715E-01 0.76501E-02 0.18417E+00 0.32751E+00 0.30630E+00 0.86564E-04
157.50000 0.12576E-01 0.22823E-01 0.78958E-02 0.18386E+00 0.32713E+00 0.31065E+00 0.87239E-04
157.75000 0.11365E-01 0.20479E-01 0.80137E-02 0.18361E+00 0.32688E+00 0.31407E+00 0.87941E-04
158.00000 0.12752E-01 0.22908E-01 0.77936E-02 0.18335E+00 0.32658E+00 0.31051E+00 0.88644E-04
158.25000 0.14128E-01 0.25340E-01 0.76366E-02 0.18305E+00 0.32619E+00 0.30705E+00 0.89335E-04
158.50000 0.12587E-01 0.22456E-01 0.78835E-02 0.18274E+00 0.32580E+00 0.31140E+00 0.90029E-04
158.75000 0.11364E-01 0.20125E-01 0.80022E-02 0.18250E+00 0.32555E+00 0.31482E+00 0.90750E-04
159.00000 0.12771E-01 0.22544E-01 0.77823E-02 0.18225E+00 0.32524E+00 0.31126E+00 0.91473E-04
159.25000 0.14166E-01 0.24965E-01 0.76255E-02 0.18196E+00 0.32484E+00 0.30778E+00 0.92183E-04
159.50000 0.12603E-01 0.22089E-01 0.78735E-02 0.18167E+00 0.32445E+00 0.31215E+00 0.92896E-04
159.75000 0.11367E-01 0.19772E-01 0.79929E-02 0.18143E+00 0.32418E+00 0.31557E+00 0.93638E-04
160.00000 0.12794E-01 0.22181E-01 0.77731E-02 0.18119E+00 0.32387E+00 0.31200E+00 0.94382E-04
160.25000 0.14209E-01 0.24591E-01 0.76164E-02 0.18090E+00 0.32346E+00 0.30852E+00 0.95111E-04
160.50000 0.12625E-01 0.21725E-01 0.78655E-02 0.18062E+00 0.32306E+00 0.31290E+00 0.95844E-04
160.75000 0.11375E-01 0.19423E-01 0.79856E-02 0.18039E+00 0.32279E+00 0.31631E+00 0.96607E-04
161.00000 0.12823E-01 0.21821E-01 0.77658E-02 0.18016E+00 0.32248E+00 0.31273E+00 0.97371E-04
161.25000 0.14258E-01 0.24220E-01 0.76092E-02 0.17988E+00 0.32206E+00 0.30924E+00 0.98121E-04
161.50000 0.12651E-01 0.21364E-01 0.78593E-02 0.17960E+00 0.32166E+00 0.31363E+00 0.98874E-04
161.75000 0.11388E-01 0.19078E-01 0.79799E-02 0.17938E+00 0.32138E+00 0.31705E+00 0.99658E-04
162.00000 0.12858E-01 0.21465E-01 0.77602E-02 0.17915E+00 0.32106E+00 0.31346E+00 0.10044E-03
162.25000 0.14314E-01 0.23851E-01 0.76035E-02 0.17887E+00 0.32064E+00 0.30996E+00 0.10121E-03
162.50000 0.12683E-01 0.21007E-01 0.78546E-02 0.17860E+00 0.32023E+00 0.31436E+00 0.10199E-03
162.75000 0.11406E-01 0.18738E-01 0.79757E-02 0.17838E+00 0.31995E+00 0.31778E+00 0.10279E-03
163.00000 0.12898E-01 0.21114E-01 0.77560E-02 0.17816E+00 0.31962E+00 0.31418E+00 0.10360E-03
163.25000 0.14376E-01 0.23487E-01 0.75993E-02 0.17789E+00 0.31920E+00 0.31067E+00 0.10439E-03
163.50000 0.12722E-01 0.20656E-01 0.78512E-02 0.17762E+00 0.31878E+00 0.31509E+00 0.10519E-03
163.75000 0.11429E-01 0.18404E-01 0.79729E-02 0.17741E+00 0.31850E+00 0.31850E+00 0.10602E-03
164.00000 0.12945E-01 0.20768E-01 0.77530E-02 0.17719E+00 0.31817E+00 0.31489E+00 0.10685E-03
164.25000 0.14445E-01 0.23129E-01 0.75962E-02 0.17692E+00 0.31774E+00 0.31137E+00 0.10766E-03
164.50000 0.12766E-01 0.20310E-01 0.78490E-02 0.17665E+00 0.31732E+00 0.31580E+00 0.10848E-03
164.75000 0.11458E-01 0.18076E-01 0.79712E-02 0.17645E+00 0.31703E+00 0.31921E+00 0.10933E-03
165.00000 0.12997E-01 0.20428E-01 0.77512E-02 0.17623E+00 0.31670E+00 0.31559E+00 0.11018E-03
165.25000 0.14521E-01 0.22776E-01 0.75942E-02 0.17597E+00 0.31627E+00 0.31207E+00 0.11101E-03
165.50000 0.12816E-01 0.19971E-01 0.78478E-02 0.17570E+00 0.31585E+00 0.31651E+00 0.11185E-03
165.75000 0.11493E-01 0.17755E-01 0.79705E-02 0.17550E+00 0.31556E+00 0.31992E+00 0.11273E-03
166.00000 0.13057E-01 0.20094E-01 0.77502E-02 0.17528E+00 0.31522E+00 0.31629E+00 0.11361E-03
166.25000 0.14603E-01 0.22429E-01 0.75930E-02 0.17502E+00 0.31478E+00 0.31276E+00 0.11446E-03
166.50000 0.12871E-01 0.19642E-01 0.78472E-02 0.17476E+00 0.31436E+00 0.31721E+00 0.11532E-03
166.75000 0.11531E-01 0.17448E-01 0.79701E-02 0.17456E+00 0.31407E+00 0.32061E+00 0.11622E-03
167.00000 0.13113E-01 0.19775E-01 0.77498E-02 0.17435E+00 0.31373E+00 0.31697E+00 0.11712E-03
167.25000 0.14676E-01 0.22098E-01 0.75925E-02 0.17410E+00 0.31329E+00 0.31344E+00 0.11800E-03
167.50000 0.12920E-01 0.19332E-01 0.78471E-02 0.17385E+00 0.31287E+00 0.31788E+00 0.11888E-03
167.75000 0.11563E-01 0.17161E-01 0.79703E-02 0.17366E+00 0.31257E+00 0.32128E+00 0.11980E-03
168.00000 0.13164E-01 0.19476E-01 0.77502E-02 0.17346E+00 0.31223E+00 0.31763E+00 0.12072E-03
168.25000 0.14745E-01 0.21786E-01 0.75929E-02 0.17321E+00 0.31179E+00 0.31408E+00 0.12162E-03
168.50000 0.12965E-01 0.19039E-01 0.78480E-02 0.17297E+00 0.31137E+00 0.31853E+00 0.12253E-03
168.75000 0.11594E-01 0.16889E-01 0.79717E-02 0.17278E+00 0.31107E+00 0.32192E+00 0.12347E-03
169.00000 0.13213E-01 0.19192E-01 0.77518E-02 0.17259E+00 0.31073E+00 0.31826E+00 0.12441E-03
169.25000 0.14812E-01 0.21489E-01 0.75946E-02 0.17235E+00 0.31029E+00 0.31471E+00 0.12533E-03
169.50000 0.13010E-01 0.18759E-01 0.78503E-02 0.17211E+00 0.30987E+00 0.31916E+00 0.12626E-03
169.75000 0.11626E-01 0.16629E-01 0.79743E-02 0.17193E+00 0.30957E+00 0.32254E+00 0.12723E-03
170.00000 0.13264E-01 0.18919E-01 0.77546E-02 0.17175E+00 0.30922E+00 0.31887E+00 0.12819E-03
170.25000 0.14882E-01 0.21202E-01 0.75974E-02 0.17151E+00 0.30879E+00 0.31531E+00 0.12914E-03
170.50000 0.13057E-01 0.18489E-01 0.78536E-02 0.17128E+00 0.30836E+00 0.31976E+00 0.13008E-03
170.75000 0.11659E-01 0.16377E-01 0.79781E-02 0.17110E+00 0.30806E+00 0.32313E+00 0.13107E-03
171.00000 0.13318E-01 0.18654E-01 0.77585E-02 0.17092E+00 0.30772E+00 0.31946E+00 0.13206E-03
171.25000 0.14954E-01 0.20925E-01 0.76013E-02 0.17069E+00 0.30728E+00 0.31589E+00 0.13303E-03
171.50000 0.13108E-01 0.18228E-01 0.78580E-02 0.17046E+00 0.30686E+00 0.32035E+00 0.13400E-03
171.75000 0.11697E-01 0.16133E-01 0.79828E-02 0.17029E+00 0.30656E+00 0.32371E+00 0.13501E-03
172.00000 0.13375E-01 0.18398E-01 0.77632E-02 0.17011E+00 0.30622E+00 0.32003E+00 0.13603E-03
172.25000 0.15032E-01 0.20655E-01 0.76059E-02 0.16988E+00 0.30578E+00 0.31645E+00 0.13702E-03
172.50000 0.13163E-01 0.17974E-01 0.78631E-02 0.16966E+00 0.30536E+00 0.32092E+00 0.13801E-03
172.75000 0.11738E-01 0.15897E-01 0.79883E-02 0.16949E+00 0.30506E+00 0.32428E+00 0.13905E-03
173.00000 0.13437E-01 0.18148E-01 0.77687E-02 0.16931E+00 0.30472E+00 0.32059E+00 0.14008E-03
173.25000 0.15114E-01 0.20392E-01 0.76112E-02 0.16909E+00 0.30428E+00 0.31700E+00 0.14109E-03
173.50000 0.13223E-01 0.17727E-01 0.78689E-02 0.16886E+00 0.30386E+00 0.32147E+00 0.14211E-03
173.75000 0.11783E-01 0.15667E-01 0.79945E-02 0.16870E+00 0.30356E+00 0.32483E+00 0.14317E-03
174.00000 0.13505E-01 0.17905E-01 0.77747E-02 0.16852E+00 0.30322E+00 0.32113E+00 0.14424E-03
174.25000 0.15202E-01 0.20136E-01 0.76169E-02 0.16830E+00 0.30279E+00 0.31754E+00 0.14527E-03
174.50000 0.13287E-01 0.17486E-01 0.78752E-02 0.16808E+00 0.30237E+00 0.32201E+00 0.14631E-03
174.75000 0.11833E-01 0.15443E-01 0.80011E-02 0.16791E+00 0.30207E+00 0.32537E+00 0.14740E-03
175.00000 0.13577E-01 0.17669E-01 0.77811E-02 0.16774E+00 0.30173E+00 0.32166E+00 0.14848E-03
175.25000 0.15296E-01 0.19886E-01 0.76231E-02 0.16752E+00 0.30130E+00 0.31806E+00 0.14954E-03
175.50000 0.13357E-01 0.17251E-01 0.78819E-02 0.16730E+00 0.30088E+00 0.32254E+00 0.15060E-03
175.75000 0.11888E-01 0.15224E-01 0.80081E-02 0.16713E+00 0.30058E+00 0.32590E+00 0.15172E-03
176.00000 0.13654E-01 0.17438E-01 0.77879E-02 0.16696E+00 0.30024E+00 0.32218E+00 0.15283E-03
176.25000 0.15396E-01 0.19642E-01 0.76295E-02 0.16674E+00 0.29981E+00 0.31858E+00 0.15391E-03
176.50000 0.13432E-01 0.17023E-01 0.78888E-02 0.16652E+00 0.29939E+00 0.32307E+00 0.15500E-03
176.75000 0.11948E-01 0.15012E-01 0.80154E-02 0.16636E+00 0.29909E+00 0.32643E+00 0.15614E-03
177.00000 0.13737E-01 0.17213E-01 0.77948E-02 0.16618E+00 0.29876E+00 0.32270E+00 0.15727E-03
177.25000 0.15501E-01 0.19404E-01 0.76360E-02 0.16596E+00 0.29833E+00 0.31908E+00 0.15838E-03
177.50000 0.13512E-01 0.16800E-01 0.78960E-02 0.16574E+00 0.29791E+00 0.32359E+00 0.15949E-03
177.75000 0.12012E-01 0.14805E-01 0.80229E-02 0.16558E+00 0.29761E+00 0.32695E+00 0.16066E-03
178.00000 0.13826E-01 0.16993E-01 0.78019E-02 0.16541E+00 0.29728E+00 0.32321E+00 0.16182E-03
178.25000 0.15613E-01 0.19172E-01 0.76426E-02 0.16519E+00 0.29685E+00 0.31959E+00 0.16295E-03
178.50000 0.13598E-01 0.16582E-01 0.79032E-02 0.16496E+00 0.29643E+00 0.32411E+00 0.16409E-03
178.75000 0.12081E-01 0.14603E-01 0.80305E-02 0.16480E+00 0.29614E+00 0.32747E+00 0.16528E-03
179.00000 0.13920E-01 0.16779E-01 0.78091E-02 0.16463E+00 0.29580E+00 0.32372E+00 0.16647E-03
179.25000 0.15732E-01 0.18945E-01 0.76493E-02 0.16440E+00 0.29537E+00 0.32009E+00 0.16763E-03
179.50000 0.13689E-01 0.16370E-01 0.79105E-02 0.16418E+00 0.29496E+00 0.32462E+00 0.16879E-03
179.75000 0.12155E-01 0.14407E-01 0.80381E-02 0.16402E+00 0.29466E+00 0.32799E+00 0.17001E-03
180.00000 0.14020E-01 0.16570E-01 0.78162E-02 0.16384E+00 0.29433E+00 0.32423E+00 0.17123E-03
180.25000 0.15856E-01 0.18723E-01 0.76558E-02 0.16362E+00 0.29390E+00 0.32059E+00 0.17241E-03
180.50000 0.13786E-01 0.16163E-01 0.79178E-02 0.16340E+00 0.29349E+00 0.32514E+00 0.17360E-03
180.75000 0.12235E-01 0.14215E-01 0.80458E-02 0.16323E+00 0.29319E+00 0.32851E+00 0.17484E-03
181.00000 0.14125E-01 0.16366E-01 0.78233E-02 0.16305E+00 0.29286E+00 0.32475E+00 0.17609E-03
181.25000 0.15988E-01 0.18507E-01 0.76623E-02 0.16283E+00 0.29243E+00 0.32110E+00 0.17728E-03
181.50000 0.13889E-01 0.15961E-01 0.79250E-02 0.16261E+00 0.29202E+00 0.32567E+00 0.17847E-03
181.75000 0.12319E-01 0.14028E-01 0.80534E-02 0.16244E+00 0.29173E+00 0.32905E+00 0.17973E-03
182.00000 0.14236E-01 0.16167E-01 0.78303E-02 0.16226E+00 0.29139E+00 0.32527E+00 0.18098E-03
182.25000 0.16126E-01 0.18295E-01 0.76686E-02 0.16204E+00 0.29097E+00 0.32161E+00 0.18217E-03
182.50000 0.13997E-01 0.15763E-01 0.79322E-02 0.16181E+00 0.29056E+00 0.32620E+00 0.18337E-03
182.75000 0.12408E-01 0.13845E-01 0.80610E-02 0.16164E+00 0.29026E+00 0.32959E+00 0.18464E-03
183.00000 0.14353E-01 0.15972E-01 0.78372E-02 0.16146E+00 0.28993E+00 0.32580E+00 0.18590E-03
183.25000 0.16270E-01 0.18088E-01 0.76748E-02 0.16123E+00 0.28950E+00 0.32214E+00 0.18710E-03
183.50000 0.14111E-01 0.15570E-01 0.79392E-02 0.16100E+00 0.28909E+00 0.32674E+00 0.18830E-03
183.75000 0.12502E-01 0.13666E-01 0.80685E-02 0.16083E+00 0.28880E+00 0.33014E+00 0.18957E-03
184.00000 0.14477E-01 0.15781E-01 0.78439E-02 0.16065E+00 0.28847E+00 0.32634E+00 0.19083E-03
184.25000 0.16422E-01 0.17886E-01 0.76807E-02 0.16042E+00 0.28804E+00 0.32267E+00 0.19204E-03
184.50000 0.14231E-01 0.15381E-01 0.79460E-02 0.16019E+00 0.28763E+00 0.32730E+00 0.19324E-03
184.75000 0.12601E-01 0.13492E-01 0.80758E-02 0.16002E+00 0.28734E+00 0.33071E+00 0.19452E-03
185.00000 0.14606E-01 0.15595E-01 0.78505E-02 0.15983E+00 0.28700E+00 0.32690E+00 0.19579E-03
185.25000 0.16580E-01 0.17687E-01 0.76864E-02 0.15960E+00 0.28658E+00 0.32321E+00 0.19699E-03
185.50000 0.14357E-01 0.15196E-01 0.79527E-02 0.15937E+00 0.28617E+00 0.32787E+00 0.19820E-03
185.75000 0.12706E-01 0.13321E-01 0.80831E-02 0.15919E+00 0.28587E+00 0.33129E+00 0.19947E-03
186.00000 0.14742E-01 0.15412E-01 0.78568E-02 0.15900E+00 0.28554E+00 0.32747E+00 0.20074E-03
186.25000 0.16746E-01 0.17493E-01 0.76919E-02 0.15877E+00 0.28511E+00 0.32378E+00 0.20194E-03
186.50000 0.14489E-01 0.15015E-01 0.79593E-02 0.15853E+00 0.28470E+00 0.32846E+00 0.20315E-03
186.75000 0.12816E-01 0.13153E-01 0.80902E-02 0.15836E+00 0.28441E+00 0.33189E+00 0.20443E-03
187.00000 0.14884E-01 0.15233E-01 0.78630E-02 0.15817E+00 0.28408E+00 0.32806E+00 0.20570E-03
187.25000 0.16920E-01 0.17302E-01 0.76971E-02 0.15793E+00 0.28365E+00 0.32435E+00 0.20690E-03
187.50000 0.14627E-01 0.14838E-01 0.79656E-02 0.15769E+00 0.28324E+00 0.32906E+00 0.20810E-03
187.75000 0.12932E-01 0.12989E-01 0.80971E-02 0.15751E+00 0.28294E+00 0.33252E+00 0.20937E-03
188.00000 0.15032E-01 0.15057E-01 0.78690E-02 0.15732E+00 0.28261E+00 0.32867E+00 0.21064E-03
188.25000 0.17100E-01 0.17114E-01 0.77021E-02 0.15708E+00 0.28218E+00 0.32495E+00 0.21183E-03
188.50000 0.14772E-01 0.14663E-01 0.79718E-02 0.15683E+00 0.28177E+00 0.32969E+00 0.21303E-03
188.75000 0.13053E-01 0.12828E-01 0.81040E-02 0.15665E+00 0.28148E+00 0.33317E+00 0.21430E-03
189.00000 0.15187E-01 0.14884E-01 0.78747E-02 0.15646E+00 0.28114E+00 0.32931E+00 0.21557E-03
189.25000 0.17289E-01 0.16930E-01 0.77068E-02 0.15621E+00 0.28071E+00 0.32558E+00 0.21675E-03
189.50000 0.14923E-01 0.14492E-01 0.79779E-02 0.15597E+00 0.28030E+00 0.33035E+00 0.21794E-03
189.75000 0.13179E-01 0.12669E-01 0.81107E-02 0.15578E+00 0.28000E+00 0.33384E+00 0.21921E-03
190.00000 0.15349E-01 0.14715E-01 0.78803E-02 0.15559E+00 0.27967E+00 0.32997E+00 0.22047E-03
190.25000 0.17486E-01 0.16749E-01 0.77113E-02 0.15534E+00 0.27924E+00 0.32622E+00 0.22164E-03
190.50000 0.15081E-01 0.14323E-01 0.79837E-02 0.15509E+00 0.27882E+00 0.33103E+00 0.22282E-03
190.75000 0.13312E-01 0.12513E-01 0.81173E-02 0.15490E+00 0.27853E+00 0.33454E+00 0.22408E-03
191.00000 0.15518E-01 0.14547E-01 0.78857E-02 0.15470E+00 0.27819E+00 0.33066E+00 0.22533E-03
191.25000 0.17691E-01 0.16570E-01 0.77155E-02 0.15445E+00 0.27776E+00 0.32690E+00 0.22649E-03
191.50000 0.15246E-01 0.14157E-01 0.79895E-02 0.15420E+00 0.27735E+00 0.33174E+00 0.22766E-03
191.75000 0.13450E-01 0.12360E-01 0.81238E-02 0.15401E+00 0.27705E+00 0.33528E+00 0.22891E-03
192.00000 0.15695E-01 0.14382E-01 0.78909E-02 0.15381E+00 0.27671E+00 0.33138E+00 0.23015E-03
192.25000 0.17905E-01 0.16394E-01 0.77195E-02 0.15355E+00 0.27628E+00 0.32760E+00 0.23130E-03
192.50000 0.15418E-01 0.13993E-01 0.79950E-02 0.15330E+00 0.27586E+00 0.33248E+00 0.23245E-03
192.75000 0.13595E-01 0.12208E-01 0.81302E-02 0.15310E+00 0.27556E+00 0.33604E+00 0.23369E-03
193.00000 0.15879E-01 0.14220E-01 0.78960E-02 0.15290E+00 0.27522E+00 0.33213E+00 0.23491E-03
193.25000 0.18127E-01 0.16220E-01 0.77233E-02 0.15264E+00 0.27479E+00 0.32834E+00 0.23604E-03
193.50000 0.15597E-01 0.13831E-01 0.80005E-02 0.15238E+00 0.27437E+00 0.33326E+00 0.23718E-03
193.75000 0.13746E-01 0.12059E-01 0.81365E-02 0.15218E+00 0.27407E+00 0.33685E+00 0.23840E-03
194.00000 0.16070E-01 0.14059E-01 0.79009E-02 0.15197E+00 0.27372E+00 0.33291E+00 0.23961E-03
194.25000 0.18359E-01 0.16048E-01 0.77269E-02 0.15171E+00 0.27329E+00 0.32911E+00 0.24072E-03
194.50000 0.15785E-01 0.13671E-01 0.80059E-02 0.15145E+00 0.27287E+00 0.33407E+00 0.24184E-03
194.75000 0.13904E-01 0.11911E-01 0.81428E-02 0.15125E+00 0.27256E+00 0.33769E+00 0.24304E-03
195.00000 0.16270E-01 0.13900E-01 0.79057E-02 0.15104E+00 0.27222E+00 0.33374E+00 0.24423E-03
195.25000 0.18601E-01 0.15878E-01 0.77303E-02 0.15077E+00 0.27178E+00 0.32992E+00 0.24532E-03
195.50000 0.15979E-01 0.13513E-01 0.80111E-02 0.15051E+00 0.27136E+00 0.33493E+00 0.24642E-03
195.75000 0.14068E-01 0.11765E-01 0.81491E-02 0.15031E+00 0.27105E+00 0.33857E+00 0.24760E-03
196.00000 0.16478E-01 0.13743E-01 0.79104E-02 0.15009E+00 0.27071E+00 0.33460E+00 0.24877E-03
196.25000 0.18852E-01 0.15710E-01 0.77335E-02 0.14982E+00 0.27027E+00 0.33076E+00 0.24984E-03
196.50000 0.16183E-01 0.13357E-01 0.80163E-02 0.14955E+00 0.26984E+00 0.33582E+00 0.25090E-03
196.75000 0.14239E-01 0.11621E-01 0.81553E-02 0.14935E+00 0.26953E+00 0.33950E+00 0.25207E-03
197.00000 0.16695E-01 0.13587E-01 0.79150E-02 0.14913E+00 0.26919E+00 0.33551E+00 0.25321E-03
197.25000 0.19107E-01 0.15544E-01 0.77365E-02 0.14886E+00 0.26875E+00 0.33165E+00 0.25425E-03
197.50000 0.16378E-01 0.13210E-01 0.80207E-02 0.14861E+00 0.26832E+00 0.33674E+00 0.25529E-03
197.75000 0.14383E-01 0.11495E-01 0.81602E-02 0.14843E+00 0.26801E+00 0.34043E+00 0.25642E-03
198.00000 0.16830E-01 0.13451E-01 0.79194E-02 0.14825E+00 0.26767E+00 0.33643E+00 0.25753E-03
198.25000 0.19227E-01 0.15399E-01 0.77406E-02 0.14803E+00 0.26724E+00 0.33256E+00 0.25853E-03
198.50000 0.16455E-01 0.13093E-01 0.80247E-02 0.14782E+00 0.26682E+00 0.33763E+00 0.25953E-03
198.75000 0.14427E-01 0.11399E-01 0.81647E-02 0.14769E+00 0.26652E+00 0.34130E+00 0.26062E-03
199.00000 0.16861E-01 0.13346E-01 0.79252E-02 0.14755E+00 0.26618E+00 0.33729E+00 0.26170E-03
199.25000 0.19245E-01 0.15284E-01 0.77474E-02 0.14737E+00 0.26575E+00 0.33340E+00 0.26266E-03
199.50000 0.16456E-01 0.12999E-01 0.80316E-02 0.14720E+00 0.26534E+00 0.33844E+00 0.26362E-03
199.75000 0.14418E-01 0.11322E-01 0.81724E-02 0.14710E+00 0.26505E+00 0.34206E+00 0.26467E-03
200.00000 0.16838E-01 0.13258E-01 0.79351E-02 0.14700E+00 0.26471E+00 0.33804E+00 0.26570E-03
200.25000 0.19209E-01 0.15186E-01 0.77589E-02 0.14686E+00 0.26430E+00 0.33414E+00 0.26662E-03
200.50000 0.16421E-01 0.12919E-01 0.80430E-02 0.14672E+00 0.26389E+00 0.33913E+00 0.26754E-03
200.75000 0.14382E-01 0.11255E-01 0.81845E-02 0.14666E+00 0.26361E+00 0.34271E+00 0.26855E-03
201.00000 0.16790E-01 0.13181E-01 0.79495E-02 0.14659E+00 0.26329E+00 0.33867E+00 0.26954E-03
201.25000 0.19149E-01 0.15099E-01 0.77751E-02 0.14647E+00 0.26288E+00 0.33477E+00 0.27042E-03
201.50000 0.16369E-01 0.12848E-01 0.80588E-02 0.14636E+00 0.26248E+00 0.33969E+00 0.27129E-03
201.75000 0.14337E-01 0.11197E-01 0.82010E-02 0.14633E+00 0.26221E+00 0.34323E+00 0.27226E-03
202.00000 0.16732E-01 0.13111E-01 0.79684E-02 0.14628E+00 0.26190E+00 0.33919E+00 0.27320E-03
202.25000 0.19080E-01 0.15018E-01 0.77957E-02 0.14619E+00 0.26150E+00 0.33527E+00 0.27403E-03
202.50000 0.16313E-01 0.12784E-01 0.80788E-02 0.14611E+00 0.26112E+00 0.34014E+00 0.27485E-03
202.75000 0.14290E-01 0.11144E-01 0.82214E-02 0.14610E+00 0.26086E+00 0.34362E+00 0.27577E-03
203.00000 0.16674E-01 0.13048E-01 0.79912E-02 0.14607E+00 0.26056E+00 0.33958E+00 0.27666E-03
203.25000 0.19011E-01 0.14944E-01 0.78201E-02 0.14601E+00 0.26017E+00 0.33565E+00 0.27744E-03
203.50000 0.16258E-01 0.12725E-01 0.81023E-02 0.14594E+00 0.25981E+00 0.34046E+00 0.27821E-03
203.75000 0.14246E-01 0.11097E-01 0.82451E-02 0.14595E+00 0.25955E+00 0.34390E+00 0.27908E-03
204.00000 0.16649E-01 0.12989E-01 0.80170E-02 0.14594E+00 0.25926E+00 0.33984E+00 0.27992E-03
204.25000 0.19155E-01 0.14874E-01 0.78468E-02 0.14588E+00 0.25887E+00 0.33588E+00 0.28064E-03
204.50000 0.16521E-01 0.12670E-01 0.81311E-02 0.14582E+00 0.25849E+00 0.34067E+00 0.28135E-03
204.75000 0.14603E-01 0.11052E-01 0.82771E-02 0.14583E+00 0.25823E+00 0.34412E+00 0.28217E-03
205.00000 0.17203E-01 0.12930E-01 0.80492E-02 0.14582E+00 0.25793E+00 0.34002E+00 0.28296E-03
205.25000 0.20064E-01 0.14800E-01 0.78786E-02 0.14575E+00 0.25751E+00 0.33600E+00 0.28362E-03
205.50000 0.17523E-01 0.12610E-01 0.81733E-02 0.14568E+00 0.25710E+00 0.34096E+00 0.28428E-03
205.75000 0.15681E-01 0.10998E-01 0.83283E-02 0.14568E+00 0.25681E+00 0.34458E+00 0.28504E-03
206.00000 0.18631E-01 0.12859E-01 0.80966E-02 0.14567E+00 0.25649E+00 0.34042E+00 0.28577E-03
206.25000 0.21833E-01 0.14711E-01 0.79232E-02 0.14559E+00 0.25603E+00 0.33634E+00 0.28638E-03
206.50000 0.19167E-01 0.12534E-01 0.82355E-02 0.14551E+00 0.25560E+00 0.34165E+00 0.28698E-03
206.75000 0.17233E-01 0.10925E-01 0.84027E-02 0.14551E+00 0.25530E+00 0.34560E+00 0.28770E-03
207.00000 0.20523E-01 0.12764E-01 0.81629E-02 0.14550E+00 0.25496E+00 0.34137E+00 0.28839E-03
207.25000 0.24058E-01 0.14597E-01 0.79832E-02 0.14542E+00 0.25449E+00 0.33723E+00 0.28895E-03
207.50000 0.21148E-01 0.12431E-01 0.83155E-02 0.14534E+00 0.25404E+00 0.34299E+00 0.28950E-03
207.75000 0.19027E-01 0.10824E-01 0.84955E-02 0.14535E+00 0.25373E+00 0.34734E+00 0.29018E-03
208.00000 0.22651E-01 0.12639E-01 0.82444E-02 0.14534E+00 0.25337E+00 0.34304E+00 0.29084E-03
208.25000 0.26511E-01 0.14449E-01 0.80560E-02 0.14527E+00 0.25289E+00 0.33883E+00 0.29136E-03
208.50000 0.23291E-01 0.12295E-01 0.84090E-02 0.14520E+00 0.25243E+00 0.34509E+00 0.29189E-03
208.75000 0.20930E-01 0.10691E-01 0.86018E-02 0.14522E+00 0.25212E+00 0.34987E+00 0.29255E-03
209.00000 0.24882E-01 0.12480E-01 0.83374E-02 0.14523E+00 0.25176E+00 0.34549E+00 0.29319E-03
209.25000 0.29063E-01 0.14267E-01 0.81387E-02 0.14517E+00 0.25128E+00 0.34120E+00 0.29369E-03
209.50000 0.25493E-01 0.12124E-01 0.85128E-02 0.14512E+00 0.25081E+00 0.34798E+00 0.29420E-03
209.75000 0.22863E-01 0.10526E-01 0.87182E-02 0.14517E+00 0.25050E+00 0.35320E+00 0.29486E-03
210.00000 0.27138E-01 0.12288E-01 0.84395E-02 0.14520E+00 0.25014E+00 0.34872E+00 0.29550E-03
210.25000 0.31636E-01 0.14051E-01 0.82298E-02 0.14516E+00 0.24965E+00 0.34434E+00 0.29600E-03
210.50000 0.27694E-01 0.11922E-01 0.86251E-02 0.14513E+00 0.24918E+00 0.35165E+00 0.29650E-03
210.75000 0.24777E-01 0.10331E-01 0.88431E-02 0.14521E+00 0.24888E+00 0.35731E+00 0.29717E-03
211.00000 0.29371E-01 0.12066E-01 0.85497E-02 0.14527E+00 0.24852E+00 0.35273E+00 0.29783E-03
211.25000 0.34182E-01 0.13804E-01 0.83287E-02 0.14526E+00 0.24803E+00 0.34825E+00 0.29834E-03
211.50000 0.29854E-01 0.11690E-01 0.87453E-02 0.14526E+00 0.24757E+00 0.35608E+00 0.29886E-03
211.75000 0.26641E-01 0.10110E-01 0.89757E-02 0.14536E+00 0.24727E+00 0.36216E+00 0.29956E-03
212.00000 0.31509E-01 0.11818E-01 0.86678E-02 0.14546E+00 0.24693E+00 0.35747E+00 0.30025E-03
212.25000 0.36378E-01 0.13532E-01 0.84360E-02 0.14550E+00 0.24647E+00 0.35292E+00 0.30083E-03
212.50000 0.31510E-01 0.11437E-01 0.88700E-02 0.14556E+00 0.24604E+00 0.36120E+00 0.30142E-03
212.75000 0.27882E-01 0.98715E-02 0.91085E-02 0.14572E+00 0.24578E+00 0.36762E+00 0.30221E-03
213.00000 0.32816E-01 0.11554E-01 0.87881E-02 0.14587E+00 0.24548E+00 0.36284E+00 0.30299E-03
213.25000 0.37751E-01 0.13245E-01 0.85464E-02 0.14596E+00 0.24506E+00 0.35821E+00 0.30365E-03
213.50000 0.32527E-01 0.11171E-01 0.89903E-02 0.14607E+00 0.24467E+00 0.36677E+00 0.30433E-03
213.75000 0.28633E-01 0.96263E-02 0.92327E-02 0.14628E+00 0.24445E+00 0.37337E+00 0.30522E-03
214.00000 0.33638E-01 0.11286E-01 0.89029E-02 0.14649E+00 0.24419E+00 0.36850E+00 0.30610E-03
214.25000 0.38643E-01 0.12957E-01 0.86538E-02 0.14663E+00 0.24380E+00 0.36377E+00 0.30686E-03
214.50000 0.33171E-01 0.10906E-01 0.91047E-02 0.14678E+00 0.24344E+00 0.37250E+00 0.30764E-03
214.75000 0.29102E-01 0.93847E-02 0.93497E-02 0.14705E+00 0.24325E+00 0.37920E+00 0.30863E-03
215.00000 0.34180E-01 0.11024E-01 0.90134E-02 0.14730E+00 0.24302E+00 0.37423E+00 0.30962E-03
215.25000 0.39258E-01 0.12675E-01 0.87589E-02 0.14749E+00 0.24267E+00 0.36940E+00 0.31048E-03
215.50000 0.33604E-01 0.10650E-01 0.92156E-02 0.14768E+00 0.24234E+00 0.37823E+00 0.31136E-03
215.75000 0.29412E-01 0.91531E-02 0.94629E-02 0.14799E+00 0.24219E+00 0.38498E+00 0.31247E-03
216.00000 0.34565E-01 0.10773E-01 0.91219E-02 0.14829E+00 0.24199E+00 0.37991E+00 0.31356E-03
216.25000 0.39717E-01 0.12406E-01 0.88636E-02 0.14851E+00 0.24167E+00 0.37499E+00 0.31454E-03
216.50000 0.33922E-01 0.10407E-01 0.93254E-02 0.14875E+00 0.24137E+00 0.38388E+00 0.31553E-03
216.75000 0.29640E-01 0.89350E-02 0.95747E-02 0.14909E+00 0.24125E+00 0.39065E+00 0.31675E-03
217.00000 0.34868E-01 0.10537E-01 0.92302E-02 0.14943E+00 0.24108E+00 0.38548E+00 0.31796E-03
217.25000 0.40093E-01 0.12152E-01 0.89689E-02 0.14969E+00 0.24079E+00 0.38046E+00 0.31905E-03
217.50000 0.34182E-01 0.10179E-01 0.94355E-02 0.14995E+00 0.24052E+00 0.38940E+00 0.32015E-03
217.75000 0.29829E-01 0.87315E-02 0.96867E-02 0.15033E+00 0.24043E+00 0.39617E+00 0.32149E-03
218.00000 0.35131E-01 0.10316E-01 0.93393E-02 0.15070E+00 0.24030E+00 0.39090E+00 0.32282E-03
218.25000 0.40431E-01 0.11915E-01 0.90755E-02 0.15099E+00 0.24004E+00 0.38578E+00 0.32402E-03
218.50000 0.34417E-01 0.99666E-02 0.95465E-02 0.15128E+00 0.23980E+00 0.39476E+00 0.32524E-03
218.75000 0.30004E-01 0.85429E-02 0.97993E-02 0.15169E+00 0.23975E+00 0.40152E+00 0.32671E-03
219.00000 0.35381E-01 0.10111E-01 0.94493E-02 0.15208E+00 0.23964E+00 0.39616E+00 0.32816E-03
219.25000 0.40755E-01 0.11694E-01 0.91831E-02 0.15240E+00 0.23941E+00 0.39095E+00 0.32948E-03
219.50000 0.34648E-01 0.97702E-02 0.96582E-02 0.15272E+00 0.23921E+00 0.39995E+00 0.33082E-03
219.75000 0.30181E-01 0.83689E-02 0.99126E-02 0.15315E+00 0.23918E+00 0.40670E+00 0.33241E-03
220.00000 0.35632E-01 0.99208E-02 0.95599E-02 0.15356E+00 0.23911E+00 0.40125E+00 0.33399E-03
220.25000 0.41080E-01 0.11490E-01 0.92913E-02 0.15390E+00 0.23892E+00 0.39594E+00 0.33543E-03
220.50000 0.34885E-01 0.95891E-02 0.97703E-02 0.15423E+00 0.23874E+00 0.40496E+00 0.33689E-03
220.75000 0.30368E-01 0.82092E-02 0.10026E-01 0.15468E+00 0.23875E+00 0.41171E+00 0.33861E-03
221.00000 0.35892E-01 0.97461E-02 0.96705E-02 0.15511E+00 0.23871E+00 0.40616E+00 0.34032E-03
221.25000 0.41413E-01 0.11301E-01 0.93994E-02 0.15547E+00 0.23854E+00 0.40077E+00 0.34188E-03
221.50000 0.35134E-01 0.94230E-02 0.98820E-02 0.15582E+00 0.23840E+00 0.40982E+00 0.34347E-03
221.75000 0.30568E-01 0.80633E-02 0.10139E-01 0.15629E+00 0.23844E+00 0.41655E+00 0.34532E-03
222.00000 0.36165E-01 0.95861E-02 0.97804E-02 0.15673E+00 0.23843E+00 0.41092E+00 0.34716E-03
222.25000 0.41759E-01 0.11128E-01 0.95066E-02 0.15710E+00 0.23830E+00 0.40543E+00 0.34886E-03
222.50000 0.35399E-01 0.92715E-02 0.99926E-02 0.15746E+00 0.23818E+00 0.41451E+00 0.35057E-03
222.75000 0.30785E-01 0.79307E-02 0.10250E-01 0.15794E+00 0.23825E+00 0.42124E+00 0.35256E-03
223.00000 0.36455E-01 0.94404E-02 0.98889E-02 0.15840E+00 0.23828E+00 0.41552E+00 0.35454E-03
223.25000 0.42121E-01 0.10971E-01 0.96122E-02 0.15877E+00 0.23817E+00 0.40995E+00 0.35637E-03
223.50000 0.35681E-01 0.91342E-02 0.10101E-01 0.15915E+00 0.23809E+00 0.41905E+00 0.35822E-03
223.75000 0.31019E-01 0.78110E-02 0.10360E-01 0.15963E+00 0.23819E+00 0.42578E+00 0.36035E-03
224.00000 0.36761E-01 0.93086E-02 0.99952E-02 0.16010E+00 0.23824E+00 0.41998E+00 0.36247E-03
224.25000 0.42498E-01 0.10828E-01 0.97155E-02 0.16048E+00 0.23817E+00 0.41432E+00 0.36444E-03
224.50000 0.35981E-01 0.90107E-02 0.10208E-01 0.16087E+00 0.23811E+00 0.42345E+00 0.36642E-03
224.75000 0.31271E-01 0.77038E-02 0.10467E-01 0.16136E+00 0.23825E+00 0.43018E+00 0.36870E-03
225.00000 0.37083E-01 0.91903E-02 0.10099E-01 0.16183E+00 0.23833E+00 0.42429E+00 0.37097E-03
225.25000 0.42893E-01 0.10700E-01 0.98159E-02 0.16222E+00 0.23828E+00 0.41855E+00 0.37308E-03
225.50000 0.36298E-01 0.89006E-02 0.10311E-01 0.16261E+00 0.23825E+00 0.42771E+00 0.37521E-03
225.75000 0.31540E-01 0.76088E-02 0.10571E-01 0.16311E+00 0.23842E+00 0.43445E+00 0.37764E-03
226.00000 0.37423E-01 0.90852E-02 0.10199E-01 0.16358E+00 0.23853E+00 0.42848E+00 0.38006E-03
226.25000 0.43304E-01 0.10586E-01 0.99129E-02 0.16398E+00 0.23851E+00 0.42266E+00 0.38232E-03
226.50000 0.36634E-01 0.88035E-02 0.10411E-01 0.16436E+00 0.23851E+00 0.43185E+00 0.38460E-03
226.75000 0.31827E-01 0.75254E-02 0.10671E-01 0.16487E+00 0.23870E+00 0.43860E+00 0.38719E-03
227.00000 0.37780E-01 0.89929E-02 0.10296E-01 0.16535E+00 0.23884E+00 0.43255E+00 0.38977E-03
227.25000 0.43731E-01 0.10486E-01 0.10006E-01 0.16574E+00 0.23884E+00 0.42664E+00 0.39218E-03
227.50000 0.36986E-01 0.87189E-02 0.10507E-01 0.16613E+00 0.23886E+00 0.43587E+00 0.39462E-03
227.75000 0.32131E-01 0.74532E-02 0.10768E-01 0.16664E+00 0.23908E+00 0.44263E+00 0.39738E-03
228.00000 0.38154E-01 0.89129E-02 0.10388E-01 0.16712E+00 0.23925E+00 0.43650E+00 0.40012E-03
228.25000 0.44169E-01 0.10399E-01 0.10095E-01 0.16751E+00 0.23928E+00 0.43052E+00 0.40269E-03
228.50000 0.37350E-01 0.86489E-02 0.10598E-01 0.16791E+00 0.23933E+00 0.43978E+00 0.40529E-03
228.75000 0.32439E-01 0.73968E-02 0.10859E-01 0.16843E+00 0.23957E+00 0.44654E+00 0.40823E-03
229.00000 0.38497E-01 0.88501E-02 0.10476E-01 0.16892E+00 0.23977E+00 0.44034E+00 0.41115E-03
229.25000 0.44545E-01 0.10331E-01 0.10180E-01 0.16933E+00 0.23983E+00 0.43429E+00 0.41390E-03
229.50000 0.37667E-01 0.85982E-02 0.10684E-01 0.16973E+00 0.23990E+00 0.44354E+00 0.41667E-03
229.75000 0.32713E-01 0.73587E-02 0.10944E-01 0.17026E+00 0.24018E+00 0.45029E+00 0.41979E-03
230.00000 0.38803E-01 0.88069E-02 0.10558E-01 0.17077E+00 0.24040E+00 0.44402E+00 0.42290E-03
230.25000 0.44884E-01 0.10284E-01 0.10260E-01 0.17118E+00 0.24048E+00 0.43790E+00 0.42583E-03
230.50000 0.37964E-01 0.85653E-02 0.10765E-01 0.17160E+00 0.24058E+00 0.44713E+00 0.42878E-03
230.75000 0.32980E-01 0.73358E-02 0.11024E-01 0.17214E+00 0.24089E+00 0.45386E+00 0.43210E-03
231.00000 0.39100E-01 0.87800E-02 0.10636E-01 0.17265E+00 0.24113E+00 0.44753E+00 0.43540E-03
231.25000 0.45213E-01 0.10255E-01 0.10335E-01 0.17307E+00 0.24124E+00 0.44134E+00 0.43851E-03
231.50000 0.38262E-01 0.85477E-02 0.10841E-01 0.17350E+00 0.24137E+00 0.45056E+00 0.44166E-03
231.75000 0.33253E-01 0.73261E-02 0.11100E-01 0.17404E+00 0.24169E+00 0.45726E+00 0.44517E-03
232.00000 0.39404E-01 0.87675E-02 0.10709E-01 0.17456E+00 0.24196E+00 0.45087E+00 0.44867E-03
232.25000 0.45549E-01 0.10240E-01 0.10407E-01 0.17499E+00 0.24210E+00 0.44461E+00 0.45198E-03
232.50000 0.38573E-01 0.85436E-02 0.10913E-01 0.17541E+00 0.24225E+00 0.45381E+00 0.45532E-03
232.75000 0.33543E-01 0.73285E-02 0.11171E-01 0.17596E+00 0.24260E+00 0.46050E+00 0.45904E-03
233.00000 0.39724E-01 0.87680E-02 0.10778E-01 0.17648E+00 0.24289E+00 0.45404E+00 0.46275E-03
233.25000 0.45900E-01 0.10240E-01 0.10474E-01 0.17691E+00 0.24304E+00 0.44772E+00 0.46626E-03
233.50000 0.38903E-01 0.85522E-02 0.10980E-01 0.17734E+00 0.24322E+00 0.45690E+00 0.46980E-03
233.75000 0.33853E-01 0.73422E-02 0.11239E-01 0.17789E+00 0.24359E+00 0.46357E+00 0.47374E-03
234.00000 0.40063E-01 0.87807E-02 0.10843E-01 0.17841E+00 0.24390E+00 0.45706E+00 0.47766E-03
234.25000 0.46269E-01 0.10253E-01 0.10537E-01 0.17884E+00 0.24408E+00 0.45068E+00 0.48138E-03
234.50000 0.39254E-01 0.85728E-02 0.11044E-01 0.17927E+00 0.24427E+00 0.45984E+00 0.48514E-03
234.75000 0.34185E-01 0.73668E-02 0.11302E-01 0.17981E+00 0.24467E+00 0.46649E+00 0.48930E-03
235.00000 0.40424E-01 0.88053E-02 0.10904E-01 0.18034E+00 0.24500E+00 0.45992E+00 0.49345E-03
235.25000 0.46660E-01 0.10279E-01 0.10596E-01 0.18077E+00 0.24520E+00 0.45349E+00 0.49739E-03
235.50000 0.39629E-01 0.86050E-02 0.11103E-01 0.18119E+00 0.24541E+00 0.46263E+00 0.50136E-03
235.75000 0.34541E-01 0.74018E-02 0.11360E-01 0.18174E+00 0.24583E+00 0.46927E+00 0.50576E-03
236.00000 0.40808E-01 0.88413E-02 0.10961E-01 0.18226E+00 0.24618E+00 0.46265E+00 0.51014E-03
236.25000 0.47074E-01 0.10317E-01 0.10651E-01 0.18269E+00 0.24640E+00 0.45616E+00 0.51431E-03
236.50000 0.40029E-01 0.86486E-02 0.11158E-01 0.18311E+00 0.24663E+00 0.46529E+00 0.51852E-03
236.75000 0.34922E-01 0.74472E-02 0.11415E-01 0.18365E+00 0.24706E+00 0.47192E+00 0.52316E-03
237.00000 0.41216E-01 0.88885E-02 0.11013E-01 0.18417E+00 0.24744E+00 0.46525E+00 0.52779E-03
237.25000 0.47510E-01 0.10367E-01 0.10701E-01 0.18459E+00 0.24767E+00 0.45871E+00 0.53220E-03
237.50000 0.40453E-01 0.87033E-02 0.11209E-01 0.18501E+00 0.24791E+00 0.46782E+00 0.53664E-03
237.75000 0.35327E-01 0.75027E-02 0.11465E-01 0.18555E+00 0.24837E+00 0.47444E+00 0.54154E-03
238.00000 0.41648E-01 0.89467E-02 0.11061E-01 0.18606E+00 0.24876E+00 0.46772E+00 0.54642E-03
238.25000 0.47971E-01 0.10429E-01 0.10747E-01 0.18648E+00 0.24901E+00 0.46113E+00 0.55109E-03
238.50000 0.40902E-01 0.87690E-02 0.11255E-01 0.18690E+00 0.24927E+00 0.47023E+00 0.55578E-03
238.75000 0.35757E-01 0.75682E-02 0.11511E-01 0.18743E+00 0.24974E+00 0.47685E+00 0.56095E-03
239.00000 0.42104E-01 0.90159E-02 0.11104E-01 0.18794E+00 0.25014E+00 0.47009E+00 0.56610E-03
239.25000 0.48454E-01 0.10503E-01 0.10789E-01 0.18835E+00 0.25040E+00 0.46344E+00 0.57102E-03
239.50000 0.41376E-01 0.88456E-02 0.11297E-01 0.18876E+00 0.25068E+00 0.47253E+00 0.57598E-03
239.75000 0.36212E-01 0.76436E-02 0.11552E-01 0.18929E+00 0.25117E+00 0.47916E+00 0.58143E-03
240.00000 0.42585E-01 0.90958E-02 0.11144E-01 0.18979E+00 0.25159E+00 0.47234E+00 0.58686E-03
240.25000 0.48961E-01 0.10588E-01 0.10826E-01 0.19020E+00 0.25186E+00 0.46565E+00 0.59206E-03
240.50000 0.41875E-01 0.89328E-02 0.11335E-01 0.19060E+00 0.25215E+00 0.47473E+00 0.59730E-03
240.75000 0.36692E-01 0.77289E-02 0.11590E-01 0.19113E+00 0.25265E+00 0.48136E+00 0.60304E-03
241.00000 0.43090E-01 0.91863E-02 0.11179E-01 0.19162E+00 0.25308E+00 0.47450E+00 0.60877E-03
241.25000 0.49492E-01 0.10685E-01 0.10860E-01 0.19203E+00 0.25337E+00 0.46776E+00 0.61426E-03
241.50000 0.42400E-01 0.90307E-02 0.11368E-01 0.19242E+00 0.25367E+00 0.47684E+00 0.61978E-03
241.75000 0.37197E-01 0.78240E-02 0.11623E-01 0.19294E+00 0.25418E+00 0.48347E+00 0.62583E-03
242.00000 0.43643E-01 0.92872E-02 0.11209E-01 0.19342E+00 0.25462E+00 0.47656E+00 0.63186E-03
242.25000 0.50212E-01 0.10793E-01 0.10888E-01 0.19381E+00 0.25490E+00 0.46975E+00 0.63761E-03
242.50000 0.43196E-01 0.91378E-02 0.11400E-01 0.19418E+00 0.25519E+00 0.47883E+00 0.64339E-03
242.75000 0.38041E-01 0.79267E-02 0.11656E-01 0.19468E+00 0.25570E+00 0.48551E+00 0.64972E-03
243.00000 0.44636E-01 0.93953E-02 0.11239E-01 0.19514E+00 0.25614E+00 0.47853E+00 0.65603E-03
243.25000 0.51284E-01 0.10907E-01 0.10915E-01 0.19552E+00 0.25642E+00 0.47166E+00 0.66207E-03
243.50000 0.44198E-01 0.92521E-02 0.11432E-01 0.19588E+00 0.25671E+00 0.48084E+00 0.66814E-03
243.75000 0.38971E-01 0.80356E-02 0.11692E-01 0.19637E+00 0.25722E+00 0.48761E+00 0.67480E-03
244.00000 0.45643E-01 0.95095E-02 0.11270E-01 0.19683E+00 0.25766E+00 0.48057E+00 0.68143E-03
244.25000 0.52368E-01 0.11028E-01 0.10943E-01 0.19719E+00 0.25795E+00 0.47365E+00 0.68778E-03
244.50000 0.45215E-01 0.93718E-02 0.11464E-01 0.19754E+00 0.25824E+00 0.48291E+00 0.69417E-03
244.75000 0.39917E-01 0.81493E-02 0.11726E-01 0.19802E+00 0.25876E+00 0.48978E+00 0.70118E-03
245.00000 0.46665E-01 0.96288E-02 0.11300E-01 0.19847E+00 0.25921E+00 0.48269E+00 0.70816E-03
245.25000 0.53465E-01 0.11154E-01 0.10969E-01 0.19882E+00 0.25949E+00 0.47570E+00 0.71485E-03
245.50000 0.46249E-01 0.94966E-02 0.11495E-01 0.19917E+00 0.25979E+00 0.48505E+00 0.72158E-03
245.75000 0.40881E-01 0.82681E-02 0.11758E-01 0.19964E+00 0.26032E+00 0.49201E+00 0.72895E-03
246.00000 0.47703E-01 0.97535E-02 0.11327E-01 0.20009E+00 0.26077E+00 0.48486E+00 0.73631E-03
246.25000 0.54577E-01 0.11286E-01 0.10993E-01 0.20043E+00 0.26106E+00 0.47782E+00 0.74335E-03
246.50000 0.47299E-01 0.96270E-02 0.11522E-01 0.20077E+00 0.26135E+00 0.48725E+00 0.75045E-03
246.75000 0.41864E-01 0.83924E-02 0.11788E-01 0.20124E+00 0.26188E+00 0.49429E+00 0.75822E-03
247.00000 0.48759E-01 0.98840E-02 0.11352E-01 0.20168E+00 0.26234E+00 0.48708E+00 0.76597E-03
247.25000 0.55705E-01 0.11424E-01 0.11015E-01 0.20202E+00 0.26263E+00 0.47998E+00 0.77340E-03
247.50000 0.48370E-01 0.97636E-02 0.11548E-01 0.20235E+00 0.26292E+00 0.48948E+00 0.78088E-03
247.75000 0.42869E-01 0.85226E-02 0.11815E-01 0.20282E+00 0.26346E+00 0.49661E+00 0.78907E-03
248.00000 0.49835E-01 0.10021E-01 0.11375E-01 0.20325E+00 0.26392E+00 0.48934E+00 0.79725E-03
248.25000 0.56852E-01 0.11569E-01 0.11034E-01 0.20359E+00 0.26421E+00 0.48219E+00 0.80509E-03
248.50000 0.49462E-01 0.99065E-02 0.11571E-01 0.20392E+00 0.26450E+00 0.49176E+00 0.81299E-03
248.75000 0.43897E-01 0.86590E-02 0.11840E-01 0.20438E+00 0.26504E+00 0.49896E+00 0.82163E-03
249.00000 0.50932E-01 0.10164E-01 0.11396E-01 0.20481E+00 0.26550E+00 0.49164E+00 0.83026E-03
249.25000 0.58019E-01 0.11720E-01 0.11052E-01 0.20515E+00 0.26579E+00 0.48442E+00 0.83854E-03
249.50000 0.50577E-01 0.10056E-01 0.11593E-01 0.20547E+00 0.26608E+00 0.49406E+00 0.84688E-03
249.75000 0.44950E-01 0.88019E-02 0.11864E-01 0.20593E+00 0.26663E+00 0.50134E+00 0.85600E-03
250.00000 0.52054E-01 0.10314E-01 0.11415E-01 0.20636E+00 0.26709E+00 0.49396E+00 0.86511E-03
