#time       pt   RK_Soln      Pop1        resid         RK_Soln      Pop2        resid
     0.06944      1    0.30476E+02  0.30760E+02  0.28423E+00  0.18884E+01  0.19593E+01  0.70928E-01
     0.13889      2    0.31735E+02  0.31542E+02 -0.19320E+00  0.18726E+01  0.19204E+01  0.47779E-01
     0.20833      3    0.33016E+02  0.32345E+02 -0.67110E+00  0.18587E+01  0.18834E+01  0.24648E-01
     0.27778      4    0.34319E+02  0.33170E+02 -0.11490E+01  0.18465E+01  0.18481E+01  0.15100E-02
     0.34722      5    0.35644E+02  0.34017E+02 -0.16264E+01  0.18361E+01  0.18145E+01 -0.21661E-01
     0.41667      6    0.36991E+02  0.34888E+02 -0.21029E+01  0.18275E+01  0.17826E+01 -0.44891E-01
     0.48611      7    0.38361E+02  0.35783E+02 -0.25779E+01  0.18205E+01  0.17523E+01 -0.68210E-01
     0.55556      8    0.39753E+02  0.36702E+02 -0.30509E+01  0.18153E+01  0.17236E+01 -0.91647E-01
     0.62500      9    0.41168E+02  0.37646E+02 -0.35213E+01  0.18117E+01  0.16965E+01 -0.11523E+00
     0.69444     10    0.42605E+02  0.38616E+02 -0.39888E+01  0.18099E+01  0.16709E+01 -0.13900E+00
     0.76389     11    0.44065E+02  0.39613E+02 -0.44526E+01  0.18099E+01  0.16469E+01 -0.16298E+00
     0.83333     12    0.45548E+02  0.40636E+02 -0.49122E+01  0.18115E+01  0.16243E+01 -0.18722E+00
     0.90278     13    0.47054E+02  0.41687E+02 -0.53671E+01  0.18149E+01  0.16032E+01 -0.21175E+00
     0.97222     14    0.48583E+02  0.42767E+02 -0.58166E+01  0.18201E+01  0.15835E+01 -0.23660E+00
     1.04167     15    0.50135E+02  0.43875E+02 -0.62602E+01  0.18271E+01  0.15653E+01 -0.26183E+00
     1.11111     16    0.51711E+02  0.45014E+02 -0.66971E+01  0.18359E+01  0.15485E+01 -0.28747E+00
     1.18056     17    0.53309E+02  0.46183E+02 -0.71268E+01  0.18466E+01  0.15330E+01 -0.31357E+00
     1.25000     18    0.54932E+02  0.47383E+02 -0.75486E+01  0.18592E+01  0.15190E+01 -0.34017E+00
     1.31944     19    0.56577E+02  0.48615E+02 -0.79617E+01  0.18738E+01  0.15064E+01 -0.36734E+00
     1.38889     20    0.58246E+02  0.49881E+02 -0.83655E+01  0.18903E+01  0.14952E+01 -0.39511E+00
     1.45833     21    0.59939E+02  0.51180E+02 -0.87593E+01  0.19090E+01  0.14854E+01 -0.42355E+00
     1.52778     22    0.61655E+02  0.52513E+02 -0.91422E+01  0.19297E+01  0.14770E+01 -0.45272E+00
     1.59722     23    0.63395E+02  0.53882E+02 -0.95135E+01  0.19527E+01  0.14701E+01 -0.48266E+00
     1.66667     24    0.65159E+02  0.55287E+02 -0.98724E+01  0.19780E+01  0.14645E+01 -0.51346E+00
     1.73611     25    0.66947E+02  0.56729E+02 -0.10218E+02  0.20057E+01  0.14605E+01 -0.54518E+00
     1.80556     26    0.68758E+02  0.58208E+02 -0.10550E+02  0.20358E+01  0.14579E+01 -0.57788E+00
     1.87500     27    0.70593E+02  0.59727E+02 -0.10866E+02  0.20685E+01  0.14569E+01 -0.61165E+00
     1.94444     28    0.72452E+02  0.61285E+02 -0.11167E+02  0.21039E+01  0.14574E+01 -0.64656E+00
     2.01389     29    0.74335E+02  0.62884E+02 -0.11451E+02  0.21422E+01  0.14595E+01 -0.68270E+00
     2.08333     30    0.76241E+02  0.64524E+02 -0.11717E+02  0.21834E+01  0.14632E+01 -0.72015E+00
     2.15278     31    0.78171E+02  0.66207E+02 -0.11964E+02  0.22277E+01  0.14687E+01 -0.75901E+00
     2.22222     32    0.80124E+02  0.67932E+02 -0.12191E+02  0.22753E+01  0.14759E+01 -0.79938E+00
     2.29167     33    0.82100E+02  0.69703E+02 -0.12398E+02  0.23263E+01  0.14850E+01 -0.84135E+00
     2.36111     34    0.84100E+02  0.71518E+02 -0.12582E+02  0.23810E+01  0.14960E+01 -0.88503E+00
     2.43056     35    0.86123E+02  0.73379E+02 -0.12744E+02  0.24395E+01  0.15089E+01 -0.93055E+00
     2.50000     36    0.88168E+02  0.75287E+02 -0.12881E+02  0.25020E+01  0.15240E+01 -0.97801E+00
     2.56944     37    0.90236E+02  0.77243E+02 -0.12993E+02  0.25689E+01  0.15413E+01 -0.10275E+01
     2.63889     38    0.92326E+02  0.79248E+02 -0.13078E+02  0.26403E+01  0.15610E+01 -0.10793E+01
     2.70833     39    0.94438E+02  0.81302E+02 -0.13135E+02  0.27165E+01  0.15831E+01 -0.11334E+01
     2.77778     40    0.96571E+02  0.83407E+02 -0.13163E+02  0.27978E+01  0.16079E+01 -0.11900E+01
     2.84722     41    0.98725E+02  0.85564E+02 -0.13161E+02  0.28846E+01  0.16354E+01 -0.12492E+01
     2.91667     42    0.10090E+03  0.87773E+02 -0.13127E+02  0.29772E+01  0.16660E+01 -0.13112E+01
     2.98611     43    0.10309E+03  0.90034E+02 -0.13059E+02  0.30760E+01  0.16998E+01 -0.13762E+01
     3.05556     44    0.10531E+03  0.92350E+02 -0.12957E+02  0.31813E+01  0.17370E+01 -0.14443E+01
     3.12500     45    0.10754E+03  0.94719E+02 -0.12820E+02  0.32936E+01  0.17779E+01 -0.15157E+01
     3.19444     46    0.10979E+03  0.97144E+02 -0.12644E+02  0.34135E+01  0.18228E+01 -0.15906E+01
     3.26389     47    0.11205E+03  0.99624E+02 -0.12430E+02  0.35413E+01  0.18721E+01 -0.16692E+01
     3.33333     48    0.11434E+03  0.10216E+03 -0.12176E+02  0.36777E+01  0.19260E+01 -0.17517E+01
     3.40278     49    0.11663E+03  0.10475E+03 -0.11880E+02  0.38232E+01  0.19850E+01 -0.18382E+01
     3.47222     50    0.11894E+03  0.10740E+03 -0.11541E+02  0.39785E+01  0.20495E+01 -0.19290E+01
     3.54167     51    0.12127E+03  0.11011E+03 -0.11158E+02  0.41444E+01  0.21201E+01 -0.20242E+01
     3.61111     52    0.12360E+03  0.11287E+03 -0.10729E+02  0.43214E+01  0.21973E+01 -0.21241E+01
     3.68056     53    0.12594E+03  0.11569E+03 -0.10253E+02  0.45105E+01  0.22817E+01 -0.22288E+01
     3.75000     54    0.12829E+03  0.11857E+03 -0.97279E+01  0.47125E+01  0.23740E+01 -0.23385E+01
     3.81944     55    0.13065E+03  0.12150E+03 -0.91536E+01  0.49284E+01  0.24751E+01 -0.24534E+01
     3.88889     56    0.13301E+03  0.12448E+03 -0.85287E+01  0.51592E+01  0.25857E+01 -0.25735E+01
     3.95833     57    0.13537E+03  0.12752E+03 -0.78522E+01  0.54060E+01  0.27070E+01 -0.26991E+01
     4.02778     58    0.13773E+03  0.13060E+03 -0.71235E+01  0.56700E+01  0.28400E+01 -0.28301E+01
     4.09722     59    0.14008E+03  0.13374E+03 -0.63420E+01  0.59525E+01  0.29859E+01 -0.29666E+01
     4.16667     60    0.14243E+03  0.13692E+03 -0.55073E+01  0.62548E+01  0.31463E+01 -0.31085E+01
     4.23611     61    0.14477E+03  0.14015E+03 -0.46196E+01  0.65785E+01  0.33226E+01 -0.32558E+01
     4.30556     62    0.14709E+03  0.14342E+03 -0.36792E+01  0.69251E+01  0.35168E+01 -0.34083E+01
     4.37500     63    0.14940E+03  0.14671E+03 -0.26868E+01  0.72964E+01  0.37308E+01 -0.35657E+01
     4.44444     64    0.15169E+03  0.15004E+03 -0.16440E+01  0.76944E+01  0.39669E+01 -0.37274E+01
     4.51389     65    0.15395E+03  0.15340E+03 -0.55257E+00  0.81209E+01  0.42278E+01 -0.38931E+01
     4.58333     66    0.15618E+03  0.15676E+03  0.58478E+00  0.85781E+01  0.45164E+01 -0.40617E+01
     4.65278     67    0.15837E+03  0.16013E+03  0.17645E+01  0.90685E+01  0.48359E+01 -0.42325E+01
     4.72222     68    0.16052E+03  0.16350E+03  0.29822E+01  0.95944E+01  0.51903E+01 -0.44041E+01
     4.79167     69    0.16262E+03  0.16686E+03  0.42323E+01  0.10159E+02  0.55836E+01 -0.45750E+01
     4.86111     70    0.16467E+03  0.17018E+03  0.55078E+01  0.10764E+02  0.60206E+01 -0.47432E+01
     4.93056     71    0.16666E+03  0.17346E+03  0.68004E+01  0.11413E+02  0.65068E+01 -0.49065E+01
     5.00000     72    0.16858E+03  0.17668E+03  0.81001E+01  0.12110E+02  0.70481E+01 -0.50621E+01
     5.06944     73    0.17041E+03  0.17981E+03  0.93950E+01  0.12858E+02  0.76513E+01 -0.52067E+01
     5.13889     74    0.17216E+03  0.18283E+03  0.10671E+02  0.13660E+02  0.83239E+01 -0.53365E+01
     5.20833     75    0.17382E+03  0.18573E+03  0.11912E+02  0.14521E+02  0.90743E+01 -0.54470E+01
     5.27778     76    0.17536E+03  0.18846E+03  0.13099E+02  0.15445E+02  0.99117E+01 -0.55331E+01
     5.34722     77    0.17679E+03  0.19100E+03  0.14211E+02  0.16435E+02  0.10846E+02 -0.55890E+01
     5.41667     78    0.17808E+03  0.19330E+03  0.15223E+02  0.17497E+02  0.11889E+02 -0.56083E+01
     5.48611     79    0.17923E+03  0.19534E+03  0.16109E+02  0.18635E+02  0.13051E+02 -0.55839E+01
     5.55556     80    0.18022E+03  0.19706E+03  0.16839E+02  0.19855E+02  0.14346E+02 -0.55081E+01
     5.62500     81    0.18104E+03  0.19842E+03  0.17382E+02  0.21160E+02  0.15787E+02 -0.53730E+01
     5.69444     82    0.18166E+03  0.19937E+03  0.17702E+02  0.22556E+02  0.17386E+02 -0.51705E+01
     5.76389     83    0.18208E+03  0.19985E+03  0.17767E+02  0.24049E+02  0.19156E+02 -0.48927E+01
     5.83333     84    0.18227E+03  0.19982E+03  0.17541E+02  0.25643E+02  0.21111E+02 -0.45326E+01
     5.90278     85    0.18222E+03  0.19922E+03  0.16991E+02  0.27344E+02  0.23259E+02 -0.40846E+01
     5.97222     86    0.18191E+03  0.19800E+03  0.16088E+02  0.29155E+02  0.25610E+02 -0.35450E+01
     6.04167     87    0.18131E+03  0.19612E+03  0.14809E+02  0.31082E+02  0.28168E+02 -0.29134E+01
     6.11111     88    0.18040E+03  0.19354E+03  0.13139E+02  0.33128E+02  0.30934E+02 -0.21932E+01
     6.18056     89    0.17916E+03  0.19023E+03  0.11074E+02  0.35296E+02  0.33903E+02 -0.13930E+01
     6.25000     90    0.17756E+03  0.18619E+03  0.86257E+01  0.37588E+02  0.37061E+02 -0.52686E+00
     6.31944     91    0.17559E+03  0.18141E+03  0.58229E+01  0.40006E+02  0.40390E+02  0.38450E+00
     6.38889     92    0.17321E+03  0.17592E+03  0.27131E+01  0.42548E+02  0.43862E+02  0.13138E+01
     6.45833     93    0.17040E+03  0.16977E+03 -0.63604E+00  0.45211E+02  0.47439E+02  0.22274E+01
     6.52778     94    0.16714E+03  0.16301E+03 -0.41363E+01  0.47992E+02  0.51078E+02  0.30862E+01
     6.59722     95    0.16341E+03  0.15573E+03 -0.76814E+01  0.50881E+02  0.54729E+02  0.38475E+01
     6.66667     96    0.15917E+03  0.14802E+03 -0.11149E+02  0.53868E+02  0.58335E+02  0.44671E+01
     6.73611     97    0.15441E+03  0.14000E+03 -0.14408E+02  0.56938E+02  0.61841E+02  0.49027E+01
     6.80556     98    0.14911E+03  0.13179E+03 -0.17321E+02  0.60072E+02  0.65188E+02  0.51166E+01
     6.87500     99    0.14325E+03  0.12350E+03 -0.19753E+02  0.63244E+02  0.68324E+02  0.50797E+01
     6.94444    100    0.13682E+03  0.11525E+03 -0.21575E+02  0.66425E+02  0.71199E+02  0.47740E+01
     7.01389    101    0.12982E+03  0.10714E+03 -0.22676E+02  0.69579E+02  0.73775E+02  0.41959E+01
     7.08333    102    0.12223E+03  0.99272E+02 -0.22960E+02  0.72664E+02  0.76021E+02  0.33575E+01
     7.15278    103    0.11407E+03  0.91717E+02 -0.22355E+02  0.75629E+02  0.77917E+02  0.22877E+01
     7.22222    104    0.10535E+03  0.84534E+02 -0.20816E+02  0.78419E+02  0.79452E+02  0.10323E+01
     7.29167    105    0.96089E+02  0.77768E+02 -0.18321E+02  0.80972E+02  0.80625E+02 -0.34710E+00
     7.36111    106    0.86320E+02  0.71444E+02 -0.14876E+02  0.83221E+02  0.81445E+02 -0.17754E+01
     7.43056    107    0.76087E+02  0.65576E+02 -0.10511E+02  0.85092E+02  0.81926E+02 -0.31661E+01
     7.50000    108    0.65445E+02  0.60162E+02 -0.52823E+01  0.86513E+02  0.82087E+02 -0.44258E+01
     7.56944    109    0.54460E+02  0.55195E+02  0.73550E+00  0.87410E+02  0.81953E+02 -0.54578E+01
     7.63889    110    0.43211E+02  0.50657E+02  0.74466E+01  0.87716E+02  0.81549E+02 -0.61673E+01
     7.70833    111    0.31787E+02  0.46526E+02  0.14740E+02  0.87371E+02  0.80904E+02 -0.64670E+01
     7.77778    112    0.20287E+02  0.42777E+02  0.22490E+02  0.86327E+02  0.80044E+02 -0.62832E+01
     7.84722    113    0.88173E+01  0.39382E+02  0.30565E+02  0.84559E+02  0.78998E+02 -0.55606E+01
     7.91667    114    0.00000E+00  0.36314E+02  0.36314E+02  0.82059E+02  0.77791E+02 -0.42687E+01
     7.98611    115    0.00000E+00  0.33544E+02  0.33544E+02  0.79031E+02  0.76447E+02 -0.25846E+01
     8.05556    116    0.00000E+00  0.31045E+02  0.31045E+02  0.76130E+02  0.74989E+02 -0.11417E+01
     8.12500    117    0.00000E+00  0.28793E+02  0.28793E+02  0.73350E+02  0.73438E+02  0.87039E-01
     8.19444    118    0.00000E+00  0.26764E+02  0.26764E+02  0.70685E+02  0.71812E+02  0.11264E+01
     8.26389    119    0.00000E+00  0.24934E+02  0.24934E+02  0.68129E+02  0.70128E+02  0.19987E+01
     8.33333    120    0.00000E+00  0.23285E+02  0.23285E+02  0.65677E+02  0.68401E+02  0.27242E+01
     8.40278    121    0.00000E+00  0.21798E+02  0.21798E+02  0.63323E+02  0.66644E+02  0.33211E+01
     8.47222    122    0.00000E+00  0.20456E+02  0.20456E+02  0.61063E+02  0.64868E+02  0.38053E+01
     8.54167    123    0.00000E+00  0.19244E+02  0.19244E+02  0.58893E+02  0.63084E+02  0.41915E+01
     8.61111    124    0.00000E+00  0.18148E+02  0.18148E+02  0.56808E+02  0.61300E+02  0.44922E+01
     8.68056    125    0.00000E+00  0.17158E+02  0.17158E+02  0.54804E+02  0.59523E+02  0.47189E+01
     8.75000    126    0.00000E+00  0.16261E+02  0.16261E+02  0.52879E+02  0.57760E+02  0.48816E+01
     8.81944    127    0.00000E+00  0.15449E+02  0.15449E+02  0.51027E+02  0.56016E+02  0.49891E+01
     8.88889    128    0.00000E+00  0.14713E+02  0.14713E+02  0.49246E+02  0.54296E+02  0.50493E+01
     8.95833    129    0.00000E+00  0.14045E+02  0.14045E+02  0.47533E+02  0.52602E+02  0.50688E+01
     9.02778    130    0.00000E+00  0.13439E+02  0.13439E+02  0.45885E+02  0.50939E+02  0.50539E+01
     9.09722    131    0.00000E+00  0.12888E+02  0.12888E+02  0.44299E+02  0.49309E+02  0.50098E+01
     9.16667    132    0.00000E+00  0.12388E+02  0.12388E+02  0.42772E+02  0.47713E+02  0.49412E+01
     9.23611    133    0.00000E+00  0.11933E+02  0.11933E+02  0.41302E+02  0.46154E+02  0.48521E+01
     9.30556    134    0.00000E+00  0.11520E+02  0.11520E+02  0.39886E+02  0.44632E+02  0.47462E+01
     9.37500    135    0.00000E+00  0.11144E+02  0.11144E+02  0.38523E+02  0.43149E+02  0.46264E+01
     9.44444    136    0.00000E+00  0.10802E+02  0.10802E+02  0.37209E+02  0.41705E+02  0.44957E+01
     9.51389    137    0.00000E+00  0.10492E+02  0.10492E+02  0.35943E+02  0.40299E+02  0.43562E+01
     9.58333    138    0.00000E+00  0.10210E+02  0.10210E+02  0.34723E+02  0.38934E+02  0.42102E+01
     9.65278    139    0.00000E+00  0.99539E+01  0.99539E+01  0.33548E+02  0.37607E+02  0.40593E+01
     9.72222    140    0.00000E+00  0.97222E+01  0.97222E+01  0.32414E+02  0.36320E+02  0.39052E+01
     9.79167    141    0.00000E+00  0.95126E+01  0.95126E+01  0.31321E+02  0.35071E+02  0.37492E+01
     9.86111    142    0.00000E+00  0.93234E+01  0.93234E+01  0.30268E+02  0.33860E+02  0.35924E+01
     9.93056    143    0.00000E+00  0.91532E+01  0.91532E+01  0.29251E+02  0.32687E+02  0.34359E+01
    10.00000    144    0.00000E+00  0.90004E+01  0.90004E+01  0.28271E+02  0.31552E+02  0.32805E+01
    10.06944    145    0.00000E+00  0.88640E+01  0.88640E+01  0.27325E+02  0.30452E+02  0.31269E+01
    10.13889    146    0.00000E+00  0.87427E+01  0.87427E+01  0.26413E+02  0.29388E+02  0.29756E+01
    10.20833    147    0.00000E+00  0.86357E+01  0.86357E+01  0.25532E+02  0.28360E+02  0.28273E+01
    10.27778    148    0.00000E+00  0.85419E+01  0.85419E+01  0.24683E+02  0.27365E+02  0.26824E+01
    10.34722    149    0.00000E+00  0.84607E+01  0.84607E+01  0.23863E+02  0.26404E+02  0.25411E+01
    10.41667    150    0.00000E+00  0.83912E+01  0.83912E+01  0.23071E+02  0.25475E+02  0.24038E+01
    10.48611    151    0.00000E+00  0.83328E+01  0.83328E+01  0.22307E+02  0.24577E+02  0.22706E+01
    10.55556    152    0.00000E+00  0.82850E+01  0.82850E+01  0.21569E+02  0.23711E+02  0.21419E+01
    10.62500    153    0.00000E+00  0.82473E+01  0.82473E+01  0.20856E+02  0.22874E+02  0.20175E+01
    10.69444    154    0.00000E+00  0.82191E+01  0.82191E+01  0.20169E+02  0.22066E+02  0.18978E+01
    10.76389    155    0.00000E+00  0.82000E+01  0.82000E+01  0.19504E+02  0.21287E+02  0.17827E+01
    10.83333    156    0.00000E+00  0.81896E+01  0.81896E+01  0.18862E+02  0.20535E+02  0.16721E+01
    10.90278    157    0.00000E+00  0.81877E+01  0.81877E+01  0.18243E+02  0.19809E+02  0.15662E+01
    10.97222    158    0.00000E+00  0.81939E+01  0.81939E+01  0.17644E+02  0.19109E+02  0.14650E+01
    11.04167    159    0.00000E+00  0.82079E+01  0.82079E+01  0.17065E+02  0.18434E+02  0.13682E+01
    11.11111    160    0.00000E+00  0.82295E+01  0.82295E+01  0.16507E+02  0.17783E+02  0.12760E+01
    11.18056    161    0.00000E+00  0.82585E+01  0.82585E+01  0.15967E+02  0.17155E+02  0.11882E+01
    11.25000    162    0.00000E+00  0.82947E+01  0.82947E+01  0.15445E+02  0.16550E+02  0.11047E+01
    11.31944    163    0.00000E+00  0.83380E+01  0.83380E+01  0.14941E+02  0.15966E+02  0.10254E+01
    11.38889    164    0.00000E+00  0.83881E+01  0.83881E+01  0.14453E+02  0.15404E+02  0.95031E+00
    11.45833    165    0.00000E+00  0.84450E+01  0.84450E+01  0.13982E+02  0.14862E+02  0.87923E+00
    11.52778    166    0.00000E+00  0.85086E+01  0.85086E+01  0.13527E+02  0.14339E+02  0.81207E+00
    11.59722    167    0.00000E+00  0.85788E+01  0.85788E+01  0.13087E+02  0.13836E+02  0.74870E+00
    11.66667    168    0.00000E+00  0.86555E+01  0.86555E+01  0.12662E+02  0.13351E+02  0.68901E+00
    11.73611    169    0.00000E+00  0.87386E+01  0.87386E+01  0.12251E+02  0.12884E+02  0.63288E+00
    11.80556    170    0.00000E+00  0.88282E+01  0.88282E+01  0.11853E+02  0.12433E+02  0.58019E+00
    11.87500    171    0.00000E+00  0.89242E+01  0.89242E+01  0.11469E+02  0.12000E+02  0.53081E+00
    11.94444    172    0.00000E+00  0.90265E+01  0.90265E+01  0.11097E+02  0.11582E+02  0.48462E+00
    12.01389    173    0.00000E+00  0.91353E+01  0.91353E+01  0.10738E+02  0.11180E+02  0.44149E+00
    12.08333    174    0.00000E+00  0.92504E+01  0.92504E+01  0.10391E+02  0.10792E+02  0.40131E+00
    12.15278    175    0.00000E+00  0.93719E+01  0.93719E+01  0.10055E+02  0.10419E+02  0.36396E+00
    12.22222    176    0.00000E+00  0.94998E+01  0.94998E+01  0.97300E+01  0.10059E+02  0.32933E+00
    12.29167    177    0.00000E+00  0.96342E+01  0.96342E+01  0.94158E+01  0.97131E+01  0.29728E+00
    12.36111    178    0.00000E+00  0.97751E+01  0.97751E+01  0.91119E+01  0.93797E+01  0.26772E+00
    12.43056    179    0.00000E+00  0.99226E+01  0.99226E+01  0.88181E+01  0.90586E+01  0.24054E+00
    12.50000    180    0.00000E+00  0.10077E+02  0.10077E+02  0.85339E+01  0.87495E+01  0.21562E+00
    12.56944    181    0.00000E+00  0.10238E+02  0.10238E+02  0.82589E+01  0.84518E+01  0.19286E+00
    12.63889    182    0.00000E+00  0.10405E+02  0.10405E+02  0.79930E+01  0.81652E+01  0.17217E+00
    12.70833    183    0.00000E+00  0.10580E+02  0.10580E+02  0.77358E+01  0.78892E+01  0.15343E+00
    12.77778    184    0.00000E+00  0.10761E+02  0.10761E+02  0.74870E+01  0.76236E+01  0.13656E+00
    12.84722    185    0.00000E+00  0.10950E+02  0.10950E+02  0.72463E+01  0.73678E+01  0.12147E+00
    12.91667    186    0.00000E+00  0.11145E+02  0.11145E+02  0.70134E+01  0.71215E+01  0.10806E+00
    12.98611    187    0.24939E-01  0.11348E+02  0.11323E+02  0.67882E+01  0.68844E+01  0.96257E-01
    13.05556    188    0.83566E-01  0.11559E+02  0.11475E+02  0.65704E+01  0.66562E+01  0.85824E-01
    13.12500    189    0.17529E+00  0.11777E+02  0.11602E+02  0.63600E+01  0.64365E+01  0.76514E-01
    13.19444    190    0.29953E+00  0.12003E+02  0.11703E+02  0.61569E+01  0.62250E+01  0.68103E-01
    13.26389    191    0.45570E+00  0.12236E+02  0.11780E+02  0.59610E+01  0.60214E+01  0.60395E-01
    13.33333    192    0.64324E+00  0.12478E+02  0.11835E+02  0.57722E+01  0.58255E+01  0.53220E-01
    13.40278    193    0.86157E+00  0.12728E+02  0.11866E+02  0.55904E+01  0.56368E+01  0.46427E-01
    13.47222    194    0.11102E+01  0.12986E+02  0.11875E+02  0.54154E+01  0.54553E+01  0.39889E-01
    13.54167    195    0.13885E+01  0.13252E+02  0.11864E+02  0.52470E+01  0.52805E+01  0.33495E-01
    13.61111    196    0.16959E+01  0.13528E+02  0.11832E+02  0.50852E+01  0.51123E+01  0.27151E-01
    13.68056    197    0.20321E+01  0.13812E+02  0.11780E+02  0.49297E+01  0.49505E+01  0.20777E-01
    13.75000    198    0.23965E+01  0.14105E+02  0.11709E+02  0.47804E+01  0.47947E+01  0.14307E-01
    13.81944    199    0.27885E+01  0.14408E+02  0.11619E+02  0.46371E+01  0.46448E+01  0.76856E-02
    13.88889    200    0.32079E+01  0.14720E+02  0.11512E+02  0.44996E+01  0.45005E+01  0.86770E-03
    13.95833    201    0.36541E+01  0.15041E+02  0.11387E+02  0.43679E+01  0.43617E+01 -0.61827E-02
    14.02778    202    0.41266E+01  0.15373E+02  0.11246E+02  0.42416E+01  0.42281E+01 -0.13494E-01
    14.09722    203    0.46252E+01  0.15715E+02  0.11090E+02  0.41206E+01  0.40995E+01 -0.21088E-01
    14.16667    204    0.51494E+01  0.16067E+02  0.10918E+02  0.40049E+01  0.39759E+01 -0.28980E-01
    14.23611    205    0.56989E+01  0.16430E+02  0.10731E+02  0.38941E+01  0.38569E+01 -0.37183E-01
    14.30556    206    0.62733E+01  0.16804E+02  0.10531E+02  0.37881E+01  0.37424E+01 -0.45702E-01
    14.37500    207    0.68723E+01  0.17189E+02  0.10317E+02  0.36869E+01  0.36323E+01 -0.54541E-01
    14.44444    208    0.74957E+01  0.17586E+02  0.10090E+02  0.35901E+01  0.35264E+01 -0.63702E-01
    14.51389    209    0.81430E+01  0.17994E+02  0.98510E+01  0.34977E+01  0.34245E+01 -0.73183E-01
    14.58333    210    0.88141E+01  0.18414E+02  0.96002E+01  0.34095E+01  0.33266E+01 -0.82980E-01
    14.65278    211    0.95087E+01  0.18847E+02  0.93383E+01  0.33254E+01  0.32323E+01 -0.93090E-01
    14.72222    212    0.10227E+02  0.19292E+02  0.90657E+01  0.32453E+01  0.31418E+01 -0.10351E+00
    14.79167    213    0.10967E+02  0.19750E+02  0.87830E+01  0.31689E+01  0.30547E+01 -0.11422E+00
    14.86111    214    0.11731E+02  0.20222E+02  0.84908E+01  0.30962E+01  0.29710E+01 -0.12523E+00
    14.93056    215    0.12518E+02  0.20707E+02  0.81895E+01  0.30270E+01  0.28905E+01 -0.13653E+00
    15.00000    216    0.13327E+02  0.21206E+02  0.78797E+01  0.29613E+01  0.28132E+01 -0.14811E+00
    15.06944    217    0.14158E+02  0.21720E+02  0.75618E+01  0.28989E+01  0.27389E+01 -0.15997E+00
    15.13889    218    0.15011E+02  0.22248E+02  0.72364E+01  0.28396E+01  0.26675E+01 -0.17210E+00
    15.20833    219    0.15887E+02  0.22791E+02  0.69039E+01  0.27835E+01  0.25990E+01 -0.18449E+00
    15.27778    220    0.16785E+02  0.23350E+02  0.65650E+01  0.27303E+01  0.25332E+01 -0.19714E+00
    15.34722    221    0.17704E+02  0.23924E+02  0.62199E+01  0.26801E+01  0.24700E+01 -0.21006E+00
    15.41667    222    0.18645E+02  0.24515E+02  0.58693E+01  0.26326E+01  0.24094E+01 -0.22323E+00
    15.48611    223    0.19608E+02  0.25122E+02  0.55136E+01  0.25879E+01  0.23512E+01 -0.23665E+00
    15.55556    224    0.20593E+02  0.25746E+02  0.51533E+01  0.25458E+01  0.22955E+01 -0.25033E+00
    15.62500    225    0.21599E+02  0.26388E+02  0.47889E+01  0.25063E+01  0.22420E+01 -0.26427E+00
    15.69444    226    0.22627E+02  0.27048E+02  0.44209E+01  0.24692E+01  0.21908E+01 -0.27847E+00
    15.76389    227    0.23677E+02  0.27727E+02  0.40498E+01  0.24346E+01  0.21417E+01 -0.29293E+00
    15.83333    228    0.24748E+02  0.28424E+02  0.36761E+01  0.24024E+01  0.20948E+01 -0.30766E+00
    15.90278    229    0.25840E+02  0.29140E+02  0.33003E+01  0.23725E+01  0.20498E+01 -0.32266E+00
    15.97222    230    0.26954E+02  0.29877E+02  0.29228E+01  0.23448E+01  0.20069E+01 -0.33795E+00
    16.04167    231    0.28090E+02  0.30634E+02  0.25442E+01  0.23194E+01  0.19658E+01 -0.35353E+00
    16.11111    232    0.29247E+02  0.31412E+02  0.21650E+01  0.22961E+01  0.19267E+01 -0.36941E+00
    16.18056    233    0.30425E+02  0.32211E+02  0.17858E+01  0.22749E+01  0.18893E+01 -0.38560E+00
    16.25000    234    0.31625E+02  0.33032E+02  0.14070E+01  0.22559E+01  0.18537E+01 -0.40213E+00
    16.31944    235    0.32847E+02  0.33876E+02  0.10292E+01  0.22389E+01  0.18199E+01 -0.41899E+00
    16.38889    236    0.34090E+02  0.34743E+02  0.65288E+00  0.22239E+01  0.17877E+01 -0.43622E+00
    16.45833    237    0.35355E+02  0.35634E+02  0.27870E+00  0.22110E+01  0.17572E+01 -0.45383E+00
    16.52778    238    0.36642E+02  0.36549E+02 -0.92828E-01  0.22001E+01  0.17282E+01 -0.47184E+00
    16.59722    239    0.37950E+02  0.37489E+02 -0.46112E+00  0.21911E+01  0.17009E+01 -0.49026E+00
    16.66667    240    0.39281E+02  0.38455E+02 -0.82558E+00  0.21842E+01  0.16750E+01 -0.50913E+00
    16.73611    241    0.40633E+02  0.39447E+02 -0.11856E+01  0.21792E+01  0.16507E+01 -0.52847E+00
    16.80556    242    0.42006E+02  0.40466E+02 -0.15406E+01  0.21762E+01  0.16279E+01 -0.54830E+00
    16.87500    243    0.43402E+02  0.41512E+02 -0.18899E+01  0.21752E+01  0.16066E+01 -0.56866E+00
    16.94444    244    0.44820E+02  0.42587E+02 -0.22329E+01  0.21762E+01  0.15867E+01 -0.58957E+00
    17.01389    245    0.46260E+02  0.43691E+02 -0.25688E+01  0.21793E+01  0.15682E+01 -0.61108E+00
    17.08333    246    0.47721E+02  0.44824E+02 -0.28971E+01  0.21843E+01  0.15511E+01 -0.63320E+00
    17.15278    247    0.49205E+02  0.45988E+02 -0.32171E+01  0.21915E+01  0.15355E+01 -0.65598E+00
    17.22222    248    0.50711E+02  0.47183E+02 -0.35279E+01  0.22007E+01  0.15212E+01 -0.67947E+00
    17.29167    249    0.52239E+02  0.48410E+02 -0.38289E+01  0.22121E+01  0.15084E+01 -0.70370E+00
    17.36111    250    0.53790E+02  0.49670E+02 -0.41193E+01  0.22257E+01  0.14970E+01 -0.72871E+00
    17.43056    251    0.55362E+02  0.50964E+02 -0.43984E+01  0.22415E+01  0.14869E+01 -0.75455E+00
    17.50000    252    0.56957E+02  0.52291E+02 -0.46653E+01  0.22596E+01  0.14783E+01 -0.78128E+00
    17.56944    253    0.58573E+02  0.53654E+02 -0.49192E+01  0.22800E+01  0.14711E+01 -0.80894E+00
    17.63889    254    0.60212E+02  0.55053E+02 -0.51592E+01  0.23029E+01  0.14653E+01 -0.83759E+00
    17.70833    255    0.61873E+02  0.56489E+02 -0.53845E+01  0.23283E+01  0.14610E+01 -0.86729E+00
    17.77778    256    0.63557E+02  0.57962E+02 -0.55942E+01  0.23563E+01  0.14582E+01 -0.89810E+00
    17.84722    257    0.65262E+02  0.59475E+02 -0.57874E+01  0.23870E+01  0.14569E+01 -0.93009E+00
    17.91667    258    0.66989E+02  0.61026E+02 -0.59631E+01  0.24205E+01  0.14572E+01 -0.96332E+00
    17.98611    259    0.68738E+02  0.62618E+02 -0.61203E+01  0.24569E+01  0.14590E+01 -0.99786E+00
    18.05556    260    0.70510E+02  0.64251E+02 -0.62580E+01  0.24963E+01  0.14625E+01 -0.10338E+01
    18.12500    261    0.72302E+02  0.65927E+02 -0.63753E+01  0.25389E+01  0.14677E+01 -0.10712E+01
    18.19444    262    0.74117E+02  0.67646E+02 -0.64709E+01  0.25848E+01  0.14746E+01 -0.11102E+01
    18.26389    263    0.75952E+02  0.69408E+02 -0.65439E+01  0.26341E+01  0.14834E+01 -0.11508E+01
    18.33333    264    0.77809E+02  0.71216E+02 -0.65931E+01  0.26871E+01  0.14940E+01 -0.11931E+01
    18.40278    265    0.79687E+02  0.73070E+02 -0.66174E+01  0.27439E+01  0.15067E+01 -0.12373E+01
    18.47222    266    0.81585E+02  0.74970E+02 -0.66155E+01  0.28048E+01  0.15214E+01 -0.12834E+01
    18.54167    267    0.83504E+02  0.76918E+02 -0.65863E+01  0.28698E+01  0.15383E+01 -0.13315E+01
    18.61111    268    0.85443E+02  0.78915E+02 -0.65286E+01  0.29394E+01  0.15576E+01 -0.13818E+01
    18.68056    269    0.87402E+02  0.80961E+02 -0.64410E+01  0.30136E+01  0.15793E+01 -0.14343E+01
    18.75000    270    0.89380E+02  0.83058E+02 -0.63223E+01  0.30929E+01  0.16036E+01 -0.14893E+01
    18.81944    271    0.91377E+02  0.85206E+02 -0.61711E+01  0.31774E+01  0.16307E+01 -0.15467E+01
    18.88889    272    0.93392E+02  0.87406E+02 -0.59861E+01  0.32675E+01  0.16608E+01 -0.16067E+01
    18.95833    273    0.95425E+02  0.89658E+02 -0.57660E+01  0.33635E+01  0.16940E+01 -0.16695E+01
    19.02778    274    0.97474E+02  0.91965E+02 -0.55094E+01  0.34658E+01  0.17306E+01 -0.17352E+01
    19.09722    275    0.99541E+02  0.94326E+02 -0.52148E+01  0.35748E+01  0.17709E+01 -0.18039E+01
    19.16667    276    0.10162E+03  0.96741E+02 -0.48809E+01  0.36909E+01  0.18152E+01 -0.18758E+01
    19.23611    277    0.10372E+03  0.99213E+02 -0.45063E+01  0.38146E+01  0.18637E+01 -0.19509E+01
    19.30556    278    0.10583E+03  0.10174E+03 -0.40895E+01  0.39463E+01  0.19168E+01 -0.20295E+01
    19.37500    279    0.10795E+03  0.10432E+03 -0.36291E+01  0.40865E+01  0.19749E+01 -0.21116E+01
    19.44444    280    0.11009E+03  0.10696E+03 -0.31238E+01  0.42359E+01  0.20385E+01 -0.21973E+01
    19.51389    281    0.11223E+03  0.10966E+03 -0.25723E+01  0.43950E+01  0.21081E+01 -0.22869E+01
    19.58333    282    0.11439E+03  0.11241E+03 -0.19732E+01  0.45645E+01  0.21841E+01 -0.23804E+01
    19.65278    283    0.11655E+03  0.11522E+03 -0.13253E+01  0.47451E+01  0.22673E+01 -0.24778E+01
    19.72222    284    0.11872E+03  0.11809E+03 -0.62736E+00  0.49375E+01  0.23583E+01 -0.25792E+01
    19.79167    285    0.12089E+03  0.12101E+03  0.12158E+00  0.51426E+01  0.24578E+01 -0.26848E+01
    19.86111    286    0.12306E+03  0.12399E+03  0.92248E+00  0.53613E+01  0.25668E+01 -0.27944E+01
    19.93056    287    0.12524E+03  0.12701E+03  0.17761E+01  0.55944E+01  0.26863E+01 -0.29081E+01
    20.00000    288    0.12741E+03  0.13009E+03  0.26831E+01  0.58430E+01  0.28172E+01 -0.30258E+01
    20.06944    289    0.12958E+03  0.13322E+03  0.36438E+01  0.61083E+01  0.29610E+01 -0.31473E+01
    20.13889    290    0.13174E+03  0.13640E+03  0.46583E+01  0.63912E+01  0.31188E+01 -0.32724E+01
    20.20833    291    0.13389E+03  0.13962E+03  0.57263E+01  0.66932E+01  0.32924E+01 -0.34008E+01
    20.27778    292    0.13603E+03  0.14288E+03  0.68472E+01  0.70156E+01  0.34835E+01 -0.35320E+01
    20.34722    293    0.13815E+03  0.14617E+03  0.80198E+01  0.73598E+01  0.36941E+01 -0.36656E+01
    20.41667    294    0.14025E+03  0.14949E+03  0.92426E+01  0.77273E+01  0.39265E+01 -0.38008E+01
    20.48611    295    0.14233E+03  0.15284E+03  0.10513E+02  0.81199E+01  0.41831E+01 -0.39368E+01
    20.55556    296    0.14438E+03  0.15621E+03  0.11828E+02  0.85392E+01  0.44669E+01 -0.40724E+01
    20.62500    297    0.14640E+03  0.15958E+03  0.13184E+02  0.89873E+01  0.47811E+01 -0.42062E+01
    20.69444    298    0.14837E+03  0.16295E+03  0.14576E+02  0.94662E+01  0.51294E+01 -0.43367E+01
    20.76389    299    0.15031E+03  0.16631E+03  0.15998E+02  0.99779E+01  0.55160E+01 -0.44619E+01
    20.83333    300    0.15219E+03  0.16964E+03  0.17441E+02  0.10525E+02  0.59455E+01 -0.45793E+01
