time    Pop1        Pop2
0.00000 0.30000E+02 0.20000E+01
0.06944 0.30760E+02 0.19593E+01
0.13889 0.31542E+02 0.19204E+01
0.20833 0.32345E+02 0.18834E+01
0.27778 0.33170E+02 0.18481E+01
0.34722 0.34017E+02 0.18145E+01
0.41667 0.34888E+02 0.17826E+01
0.48611 0.35783E+02 0.17523E+01
0.55556 0.36702E+02 0.17236E+01
0.62500 0.37646E+02 0.16965E+01
0.69444 0.38616E+02 0.16709E+01
0.76389 0.39613E+02 0.16469E+01
0.83333 0.40636E+02 0.16243E+01
0.90278 0.41687E+02 0.16032E+01
0.97222 0.42767E+02 0.15835E+01
1.04167 0.43875E+02 0.15653E+01
1.11111 0.45014E+02 0.15485E+01
1.18056 0.46183E+02 0.15330E+01
1.25000 0.47383E+02 0.15190E+01
1.31944 0.48615E+02 0.15064E+01
1.38889 0.49881E+02 0.14952E+01
1.45833 0.51180E+02 0.14854E+01
1.52778 0.52513E+02 0.14770E+01
1.59722 0.53882E+02 0.14701E+01
1.66667 0.55287E+02 0.14645E+01
1.73611 0.56729E+02 0.14605E+01
1.80556 0.58208E+02 0.14579E+01
1.87500 0.59727E+02 0.14569E+01
1.94444 0.61285E+02 0.14574E+01
2.01389 0.62884E+02 0.14595E+01
2.08333 0.64524E+02 0.14632E+01
2.15278 0.66207E+02 0.14687E+01
2.22222 0.67932E+02 0.14759E+01
2.29167 0.69703E+02 0.14850E+01
2.36111 0.71518E+02 0.14960E+01
2.43056 0.73379E+02 0.15089E+01
2.50000 0.75287E+02 0.15240E+01
2.56944 0.77243E+02 0.15413E+01
2.63889 0.79248E+02 0.15610E+01
2.70833 0.81302E+02 0.15831E+01
2.77778 0.83407E+02 0.16079E+01
2.84722 0.85564E+02 0.16354E+01
2.91667 0.87773E+02 0.16660E+01
2.98611 0.90034E+02 0.16998E+01
3.05556 0.92350E+02 0.17370E+01
3.12500 0.94719E+02 0.17779E+01
3.19444 0.97144E+02 0.18228E+01
3.26389 0.99624E+02 0.18721E+01
3.33333 0.10216E+03 0.19260E+01
3.40278 0.10475E+03 0.19850E+01
3.47222 0.10740E+03 0.20495E+01
3.54167 0.11011E+03 0.21201E+01
3.61111 0.11287E+03 0.21973E+01
3.68056 0.11569E+03 0.22817E+01
3.75000 0.11857E+03 0.23740E+01
3.81944 0.12150E+03 0.24751E+01
3.88889 0.12448E+03 0.25857E+01
3.95833 0.12752E+03 0.27070E+01
4.02778 0.13060E+03 0.28400E+01
4.09722 0.13374E+03 0.29859E+01
4.16667 0.13692E+03 0.31463E+01
4.23611 0.14015E+03 0.33226E+01
4.30556 0.14342E+03 0.35168E+01
4.37500 0.14671E+03 0.37308E+01
4.44444 0.15004E+03 0.39669E+01
4.51389 0.15340E+03 0.42278E+01
4.58333 0.15676E+03 0.45164E+01
4.65278 0.16013E+03 0.48359E+01
4.72222 0.16350E+03 0.51903E+01
4.79167 0.16686E+03 0.55836E+01
4.86111 0.17018E+03 0.60206E+01
4.93056 0.17346E+03 0.65068E+01
5.00000 0.17668E+03 0.70481E+01
5.06944 0.17981E+03 0.76513E+01
5.13889 0.18283E+03 0.83239E+01
5.20833 0.18573E+03 0.90743E+01
5.27778 0.18846E+03 0.99117E+01
5.34722 0.19100E+03 0.10846E+02
5.41667 0.19330E+03 0.11889E+02
5.48611 0.19534E+03 0.13051E+02
5.55556 0.19706E+03 0.14346E+02
5.62500 0.19842E+03 0.15787E+02
5.69444 0.19937E+03 0.17386E+02
5.76389 0.19985E+03 0.19156E+02
5.83333 0.19982E+03 0.21111E+02
5.90278 0.19922E+03 0.23259E+02
5.97222 0.19800E+03 0.25610E+02
6.04167 0.19612E+03 0.28168E+02
6.11111 0.19354E+03 0.30934E+02
6.18056 0.19023E+03 0.33903E+02
6.25000 0.18619E+03 0.37061E+02
6.31944 0.18141E+03 0.40390E+02
6.38889 0.17592E+03 0.43862E+02
6.45833 0.16977E+03 0.47439E+02
6.52778 0.16301E+03 0.51078E+02
6.59722 0.15573E+03 0.54729E+02
6.66667 0.14802E+03 0.58335E+02
6.73611 0.14000E+03 0.61841E+02
6.80556 0.13179E+03 0.65188E+02
6.87500 0.12350E+03 0.68324E+02
6.94444 0.11525E+03 0.71199E+02
7.01389 0.10714E+03 0.73775E+02
7.08333 0.99272E+02 0.76021E+02
7.15278 0.91717E+02 0.77917E+02
7.22222 0.84534E+02 0.79452E+02
7.29167 0.77768E+02 0.80625E+02
7.36111 0.71444E+02 0.81445E+02
7.43056 0.65576E+02 0.81926E+02
7.50000 0.60162E+02 0.82087E+02
7.56944 0.55195E+02 0.81953E+02
7.63889 0.50657E+02 0.81549E+02
7.70833 0.46526E+02 0.80904E+02
7.77778 0.42777E+02 0.80044E+02
7.84722 0.39382E+02 0.78998E+02
7.91667 0.36314E+02 0.77791E+02
7.98611 0.33544E+02 0.76447E+02
8.05556 0.31045E+02 0.74989E+02
8.12500 0.28793E+02 0.73438E+02
8.19444 0.26764E+02 0.71812E+02
8.26389 0.24934E+02 0.70128E+02
8.33333 0.23285E+02 0.68401E+02
8.40278 0.21798E+02 0.66644E+02
8.47222 0.20456E+02 0.64868E+02
8.54167 0.19244E+02 0.63084E+02
8.61111 0.18148E+02 0.61300E+02
8.68056 0.17158E+02 0.59523E+02
8.75000 0.16261E+02 0.57760E+02
8.81944 0.15449E+02 0.56016E+02
8.88889 0.14713E+02 0.54296E+02
8.95833 0.14045E+02 0.52602E+02
9.02778 0.13439E+02 0.50939E+02
9.09722 0.12888E+02 0.49309E+02
9.16667 0.12388E+02 0.47713E+02
9.23611 0.11933E+02 0.46154E+02
9.30556 0.11520E+02 0.44632E+02
9.37500 0.11144E+02 0.43149E+02
9.44444 0.10802E+02 0.41705E+02
9.51389 0.10492E+02 0.40299E+02
9.58333 0.10210E+02 0.38934E+02
9.65278 0.99539E+01 0.37607E+02
9.72222 0.97222E+01 0.36320E+02
9.79167 0.95126E+01 0.35071E+02
9.86111 0.93234E+01 0.33860E+02
9.93056 0.91532E+01 0.32687E+02
10.00000 0.90004E+01 0.31552E+02
10.06944 0.88640E+01 0.30452E+02
10.13889 0.87427E+01 0.29388E+02
10.20833 0.86357E+01 0.28360E+02
10.27778 0.85419E+01 0.27365E+02
10.34722 0.84607E+01 0.26404E+02
10.41667 0.83912E+01 0.25475E+02
10.48611 0.83328E+01 0.24577E+02
10.55556 0.82850E+01 0.23711E+02
10.62500 0.82473E+01 0.22874E+02
10.69444 0.82191E+01 0.22066E+02
10.76389 0.82000E+01 0.21287E+02
10.83333 0.81896E+01 0.20535E+02
10.90278 0.81877E+01 0.19809E+02
10.97222 0.81939E+01 0.19109E+02
11.04167 0.82079E+01 0.18434E+02
11.11111 0.82295E+01 0.17783E+02
11.18056 0.82585E+01 0.17155E+02
11.25000 0.82947E+01 0.16550E+02
11.31944 0.83380E+01 0.15966E+02
11.38889 0.83881E+01 0.15404E+02
11.45833 0.84450E+01 0.14862E+02
11.52778 0.85086E+01 0.14339E+02
11.59722 0.85788E+01 0.13836E+02
11.66667 0.86555E+01 0.13351E+02
11.73611 0.87386E+01 0.12884E+02
11.80556 0.88282E+01 0.12433E+02
11.87500 0.89242E+01 0.12000E+02
11.94444 0.90265E+01 0.11582E+02
12.01389 0.91353E+01 0.11180E+02
12.08333 0.92504E+01 0.10792E+02
12.15278 0.93719E+01 0.10419E+02
12.22222 0.94998E+01 0.10059E+02
12.29167 0.96342E+01 0.97131E+01
12.36111 0.97751E+01 0.93797E+01
12.43056 0.99226E+01 0.90586E+01
12.50000 0.10077E+02 0.87495E+01
12.56944 0.10238E+02 0.84518E+01
12.63889 0.10405E+02 0.81652E+01
12.70833 0.10580E+02 0.78892E+01
12.77778 0.10761E+02 0.76236E+01
12.84722 0.10950E+02 0.73678E+01
12.91667 0.11145E+02 0.71215E+01
12.98611 0.11348E+02 0.68844E+01
13.05556 0.11559E+02 0.66562E+01
13.12500 0.11777E+02 0.64365E+01
13.19444 0.12003E+02 0.62250E+01
13.26389 0.12236E+02 0.60214E+01
13.33333 0.12478E+02 0.58255E+01
13.40278 0.12728E+02 0.56368E+01
13.47222 0.12986E+02 0.54553E+01
13.54167 0.13252E+02 0.52805E+01
13.61111 0.13528E+02 0.51123E+01
13.68056 0.13812E+02 0.49505E+01
13.75000 0.14105E+02 0.47947E+01
13.81944 0.14408E+02 0.46448E+01
13.88889 0.14720E+02 0.45005E+01
13.95833 0.15041E+02 0.43617E+01
14.02778 0.15373E+02 0.42281E+01
14.09722 0.15715E+02 0.40995E+01
14.16667 0.16067E+02 0.39759E+01
14.23611 0.16430E+02 0.38569E+01
14.30556 0.16804E+02 0.37424E+01
14.37500 0.17189E+02 0.36323E+01
14.44444 0.17586E+02 0.35264E+01
14.51389 0.17994E+02 0.34245E+01
14.58333 0.18414E+02 0.33266E+01
14.65278 0.18847E+02 0.32323E+01
14.72222 0.19292E+02 0.31418E+01
14.79167 0.19750E+02 0.30547E+01
14.86111 0.20222E+02 0.29710E+01
14.93056 0.20707E+02 0.28905E+01
15.00000 0.21206E+02 0.28132E+01
15.06944 0.21720E+02 0.27389E+01
15.13889 0.22248E+02 0.26675E+01
15.20833 0.22791E+02 0.25990E+01
15.27778 0.23350E+02 0.25332E+01
15.34722 0.23924E+02 0.24700E+01
15.41667 0.24515E+02 0.24094E+01
15.48611 0.25122E+02 0.23512E+01
15.55556 0.25746E+02 0.22955E+01
15.62500 0.26388E+02 0.22420E+01
15.69444 0.27048E+02 0.21908E+01
15.76389 0.27727E+02 0.21417E+01
15.83333 0.28424E+02 0.20948E+01
15.90278 0.29140E+02 0.20498E+01
15.97222 0.29877E+02 0.20069E+01
16.04167 0.30634E+02 0.19658E+01
16.11111 0.31412E+02 0.19267E+01
16.18056 0.32211E+02 0.18893E+01
16.25000 0.33032E+02 0.18537E+01
16.31944 0.33876E+02 0.18199E+01
16.38889 0.34743E+02 0.17877E+01
16.45833 0.35634E+02 0.17572E+01
16.52778 0.36549E+02 0.17282E+01
16.59722 0.37489E+02 0.17009E+01
16.66667 0.38455E+02 0.16750E+01
16.73611 0.39447E+02 0.16507E+01
16.80556 0.40466E+02 0.16279E+01
16.87500 0.41512E+02 0.16066E+01
16.94444 0.42587E+02 0.15867E+01
17.01389 0.43691E+02 0.15682E+01
17.08333 0.44824E+02 0.15511E+01
17.15278 0.45988E+02 0.15355E+01
17.22222 0.47183E+02 0.15212E+01
17.29167 0.48410E+02 0.15084E+01
17.36111 0.49670E+02 0.14970E+01
17.43056 0.50964E+02 0.14869E+01
17.50000 0.52291E+02 0.14783E+01
17.56944 0.53654E+02 0.14711E+01
17.63889 0.55053E+02 0.14653E+01
17.70833 0.56489E+02 0.14610E+01
17.77778 0.57962E+02 0.14582E+01
17.84722 0.59475E+02 0.14569E+01
17.91667 0.61026E+02 0.14572E+01
17.98611 0.62618E+02 0.14590E+01
18.05556 0.64251E+02 0.14625E+01
18.12500 0.65927E+02 0.14677E+01
18.19444 0.67646E+02 0.14746E+01
18.26389 0.69408E+02 0.14834E+01
18.33333 0.71216E+02 0.14940E+01
18.40278 0.73070E+02 0.15067E+01
18.47222 0.74970E+02 0.15214E+01
18.54167 0.76918E+02 0.15383E+01
18.61111 0.78915E+02 0.15576E+01
18.68056 0.80961E+02 0.15793E+01
18.75000 0.83058E+02 0.16036E+01
18.81944 0.85206E+02 0.16307E+01
18.88889 0.87406E+02 0.16608E+01
18.95833 0.89658E+02 0.16940E+01
19.02778 0.91965E+02 0.17306E+01
19.09722 0.94326E+02 0.17709E+01
19.16667 0.96741E+02 0.18152E+01
19.23611 0.99213E+02 0.18637E+01
19.30556 0.10174E+03 0.19168E+01
19.37500 0.10432E+03 0.19749E+01
19.44444 0.10696E+03 0.20385E+01
19.51389 0.10966E+03 0.21081E+01
19.58333 0.11241E+03 0.21841E+01
19.65278 0.11522E+03 0.22673E+01
19.72222 0.11809E+03 0.23583E+01
19.79167 0.12101E+03 0.24578E+01
19.86111 0.12399E+03 0.25668E+01
19.93056 0.12701E+03 0.26863E+01
20.00000 0.13009E+03 0.28172E+01
20.06944 0.13322E+03 0.29610E+01
20.13889 0.13640E+03 0.31188E+01
20.20833 0.13962E+03 0.32924E+01
20.27778 0.14288E+03 0.34835E+01
20.34722 0.14617E+03 0.36941E+01
20.41667 0.14949E+03 0.39265E+01
20.48611 0.15284E+03 0.41831E+01
20.55556 0.15621E+03 0.44669E+01
20.62500 0.15958E+03 0.47811E+01
20.69444 0.16295E+03 0.51294E+01
20.76389 0.16631E+03 0.55160E+01
20.83333 0.16964E+03 0.59455E+01
